Date,cluster,action,portfolio_return,transaction_cost,turnover,portfolio_nav
2015-03-31,2,cautious,0.0,0.0,0.0,100000.0
2015-04-01,2,cautious,0.008313517511016534,0.001,1.0,100831.35175110165
2015-04-02,2,cautious,-0.003989236089062443,0.0,0.0,100429.11168378721
2015-04-06,2,cautious,0.00345562580775478,0.0,0.0,100776.15711397158
2015-04-07,2,cautious,0.001068718199643026,0.0,0.0,100883.85842716935
2015-04-08,2,cautious,-0.0005183488434061579,0.0,0.0,100831.56539583529
2015-04-09,2,cautious,-0.00593717861588109,0.0,0.0,100232.91038196131
2015-04-10,2,cautious,0.0056253080770918285,0.0,0.0,100796.75138232337
2015-04-13,2,cautious,-0.0029484635670663393,0.0,0.0,100499.55583319397
2015-04-14,2,cautious,0.0015850982747977363,0.0,0.0,100658.85750576311
2015-04-15,2,cautious,0.0036048401966295,0.0,0.0,101021.7166014467
2015-04-16,0,aggressive,-0.003115699173219644,0.0,0.0,100706.96332255434
2015-04-17,2,cautious,-0.006064023332873291,0.0008,0.8,100096.27394718355
2015-04-20,2,cautious,-0.0038722021637781928,0.0008,0.8,99708.68093861913
2015-04-21,0,aggressive,-0.000442938418891248,0.0,0.0,99664.51613313446
2015-04-22,0,aggressive,-0.001757013291905262,0.0008,0.8,99489.40425355722
2015-04-23,0,aggressive,0.003352042142110534,0.0,0.0,99822.89692930861
2015-04-24,0,aggressive,0.0014675330640697701,0.0,0.0,99969.3903311036
2015-04-27,0,aggressive,-0.0008938141043898563,0.0,0.0,99880.03628001841
2015-04-28,0,aggressive,0.0003342227419809386,0.0,0.0,99913.41845961307
2015-04-29,0,aggressive,-0.006036198620438149,0.0,0.0,99310.3212209439
2015-04-30,0,aggressive,-0.008430577711097363,0.0,0.0,98473.07784037669
2015-05-01,0,aggressive,0.004553176950049098,0.0,0.0,98921.44318859988
2015-05-04,0,aggressive,0.0010081073845400472,0.0,0.0,99021.16662596766
2015-05-05,0,aggressive,-0.008012594892074431,0.0,0.0,98227.75013205319
2015-05-06,0,aggressive,-0.006358442407020881,0.0,0.0,97603.17464006729
2015-05-07,0,aggressive,0.0046581097264533295,0.0,0.0,98057.8209371909
2015-05-08,0,aggressive,0.01024143031849456,0.0,0.0,99062.07327750255
2015-05-11,0,aggressive,-0.008591771481480614,0.0,0.0,98210.95458142058
2015-05-12,0,aggressive,-0.0007209036026183502,0.0,0.0,98140.15395044624
2015-05-13,0,aggressive,0.0003216231780093003,0.0,0.0,98171.71809865009
2015-05-14,0,aggressive,0.008378218945390436,0.0,0.0,98994.22224712574
2015-05-15,0,aggressive,0.005067605711638579,0.0,0.0,99495.88593320448
2015-05-18,0,aggressive,-0.00118964959104324,0.0,0.0,99377.52069319355
2015-05-19,0,aggressive,-0.003390030430090573,0.0,0.0,99040.62787397667
2015-05-20,0,aggressive,8.553808283606724e-06,0.0,0.0,99041.4750485198
2015-05-21,0,aggressive,0.004499903635464519,0.0,0.0,99487.15214215241
2015-05-22,0,aggressive,-0.0016669285892871976,0.0,0.0,99321.31416397989
2015-05-26,0,aggressive,-0.00556591436660927,0.0,0.0,98768.50023456407
2015-05-27,0,aggressive,0.007084124030731309,0.0,0.0,99468.18854055504
2015-05-28,0,aggressive,-0.0011645142500116723,0.0,0.0,99352.35641757671
2015-05-29,0,aggressive,-0.003837705856830265,0.0,0.0,98971.07129746309
2015-06-01,0,aggressive,-0.0008116621739636673,0.0,0.0,98890.74022257427
2015-06-02,0,aggressive,-0.0030816701403161835,0.0,0.0,98585.9915812766
2015-06-03,0,aggressive,-0.0020770530456186926,0.0,0.0,98381.22324720737
2015-06-04,0,aggressive,-0.0040126630991131,0.0,0.0,97986.4525430377
2015-06-05,0,aggressive,-0.004167092531422433,0.0,0.0,97578.13392846503
2015-06-08,0,aggressive,-0.0042315415794886395,0.0,0.0,97165.22799749782
2015-06-09,0,aggressive,-0.001462168408890252,0.0,0.0,97023.15607067726
2015-06-10,0,aggressive,0.00749589795098553,0.0,0.0,97750.4317474656
2015-06-11,0,aggressive,0.006006346967300735,0.0,0.0,98337.55475674433
2015-06-12,0,aggressive,-0.005384602349768574,0.0,0.0,97808.04612833068
2015-06-15,0,aggressive,-0.002236210367725522,0.0,0.0,97589.32676153153
2015-06-16,0,aggressive,0.0050300264170446305,0.0,0.0,98080.20365316364
2015-06-17,0,aggressive,5.429004409218663e-05,0.0,0.0,98085.52843174453
2015-06-18,0,aggressive,0.007589253709595667,0.0,0.0,98829.92439225278
2015-06-19,0,aggressive,-0.0007124476503066248,0.0,0.0,98759.51324483955
2015-06-22,0,aggressive,-0.0017807238959655968,0.0,0.0,98583.64981965053
2015-06-23,0,aggressive,-0.0013646473453496786,0.0,0.0,98449.11790362926
2015-06-24,0,aggressive,-0.003624825278036114,0.0,0.0,98092.25705245182
2015-06-25,0,aggressive,-0.002962566498651109,0.0,0.0,97801.65221793116
2015-06-26,0,aggressive,-0.0022749590652169417,0.0,0.0,97579.15746262479
2015-06-29,0,aggressive,-0.008932269631998266,0.0,0.0,96707.55411770541
2015-06-30,0,aggressive,-0.0005403783775445813,0.0,0.0,96655.29544651498
2015-07-01,0,aggressive,0.002564166930945666,0.0,0.0,96903.13575879972
2015-07-02,0,aggressive,-0.00018018628453210232,0.0,0.0,96885.67514280784
2015-07-06,0,aggressive,0.001983286316859445,0.0,0.0,97077.82717661824
2015-07-07,0,aggressive,0.005120874645042472,0.0,0.0,97574.9505604028
2015-07-08,0,aggressive,-0.009718812237159856,0.0,0.0,96626.63793685609
2015-07-09,0,aggressive,-0.002431072465348283,0.0,0.0,96391.73157794862
2015-07-10,0,aggressive,0.005759280542551392,0.0,0.0,96946.87860208834
2015-07-13,0,aggressive,0.006656913399740894,0.0,0.0,97592.24557731765
2015-07-14,0,aggressive,0.0034683512735101283,0.0,0.0,97930.72976655044
2015-07-15,0,aggressive,0.0013629463575591028,0.0,0.0,98064.20409797887
2015-07-16,0,aggressive,0.006635138234720883,0.0,0.0,98714.87364804685
2015-07-17,0,aggressive,0.0006154057545192269,0.0,0.0,98775.62334934648
2015-07-20,0,aggressive,-0.003195210701447748,0.0,0.0,98460.01442057847
2015-07-21,0,aggressive,-0.001995198242049079,0.0,0.0,98263.56717289441
2015-07-22,0,aggressive,-0.0005522682630141662,0.0,0.0,98209.29932333427
2015-07-23,0,aggressive,-0.001897844433342566,0.0,0.0,98022.91335131098
2015-07-24,0,aggressive,-0.0057872388461627225,0.0,0.0,97455.63133935025
2015-07-27,0,aggressive,-0.0034662354574375278,0.0,0.0,97117.82717447483
2015-07-28,0,aggressive,0.007291974397258482,0.0,0.0,97826.00788374846
2015-07-29,0,aggressive,0.004215721404388128,0.0,0.0,98238.41507908983
2015-07-30,0,aggressive,0.000851383514301973,0.0,0.0,98322.05364615933
2015-07-31,0,aggressive,0.0010499857378599927,0.0,0.0,98425.2904002049
2015-08-03,0,aggressive,-0.001046542354240987,0.0,0.0,98322.28416507263
2015-08-04,0,aggressive,-0.002752757998677846,0.0,0.0,98051.62671088894
2015-08-05,0,aggressive,0.00044142957408314096,0.0,0.0,98094.90959870609
2015-08-06,0,aggressive,-0.0035131600262264355,0.0,0.0,97750.28648352761
2015-08-07,0,aggressive,0.0015284336949281442,0.0,0.0,97899.69131507791
2015-08-10,0,aggressive,0.00736508720077844,0.0,0.0,98620.73107854275
2015-08-11,0,aggressive,-0.002629658407318336,0.0,0.0,98361.39224392618
2015-08-12,0,aggressive,0.0011507243969508308,0.0,0.0,98474.57909769932
2015-08-13,0,aggressive,-0.002341820639885095,0.0,0.0,98243.96929586433
2015-08-14,0,aggressive,0.0030091321996592365,0.0,0.0,98539.59838729484
2015-08-17,0,aggressive,0.00507652612896381,0.0,0.0,99039.83723324555
2015-08-18,0,aggressive,-0.0036203776371102506,0.0,0.0,98681.27562134327
2015-08-19,0,aggressive,-0.0022146054083612594,0.0,0.0,98462.73553464827
2015-08-20,0,aggressive,-0.010856019658662175,0.0,0.0,97393.82214203845
2015-08-21,0,aggressive,-0.019843816244015367,0.0,0.0,95461.15703214954
2015-08-24,0,aggressive,-0.030077865390152225,0.0,0.0,92589.88920094837
2015-08-25,0,aggressive,-0.012689950993044274,0.0,0.0,91414.92804453692
2015-08-26,0,aggressive,0.021650123808764386,0.0,0.0,93394.07255467042
2015-08-27,0,aggressive,0.01748485788936773,0.0,0.0,95027.05464099815
2015-08-28,0,aggressive,0.0015258615100790516,0.0,0.0,95172.05276609102
2015-08-31,0,aggressive,-0.007081695818425559,0.0,0.0,94498.07323798642
2015-09-01,0,aggressive,-0.019102884306926207,0.0,0.0,92692.88747769372
2015-09-02,0,aggressive,0.011034428280662279,0.0,0.0,93715.70049669383
2015-09-03,0,aggressive,0.0007589475009107226,0.0,0.0,93786.82579338188
2015-09-04,0,aggressive,-0.009093965947310876,0.0,0.0,92933.93159331051
2015-09-08,0,aggressive,0.0146687912556122,0.0,0.0,94297.16003641613
2015-09-09,0,aggressive,-0.009693347212708004,0.0,0.0,93383.10492301085
2015-09-10,0,aggressive,0.002694314545979637,0.0,0.0,93634.70838095367
2015-09-11,0,aggressive,0.004234072186126226,0.0,0.0,94031.1644953655
2015-09-14,0,aggressive,-0.0022275680320326006,0.0,0.0,93821.70367932084
2015-09-15,0,aggressive,0.004615358321439832,0.0,0.0,94254.72446012885
2015-09-16,0,aggressive,0.006643477651449525,0.0,0.0,94880.90361562325
2015-09-17,0,aggressive,0.0018925587189686619,0.0,0.0,95060.47129702462
2015-09-18,0,aggressive,-0.00762428813018936,0.0,0.0,94335.7028740645
2015-09-21,0,aggressive,-0.0002649081382470887,0.0,0.0,94310.71257864591
2015-09-22,0,aggressive,-0.006986792677492347,0.0,0.0,93651.78318259233
2015-09-23,0,aggressive,-0.0007365585043862088,0.0,0.0,93582.80316523826
2015-09-24,0,aggressive,0.000929841507309781,0.0,0.0,93669.82033999171
2015-09-25,0,aggressive,-0.0025260174106952692,0.0,0.0,93433.20874295618
2015-09-28,0,aggressive,-0.015411109491455851,0.0,0.0,91993.29933288044
2015-09-29,0,aggressive,0.0005697781572333915,0.0,0.0,92045.71510545214
2015-09-30,0,aggressive,0.011329855479994834,0.0,0.0,93088.57975514968
2015-10-01,0,aggressive,0.002558197405409224,0.0,0.0,93326.71871835252
2015-10-02,3,rebound,0.013785561931341837,0.0,0.0,94613.2799790933
2015-10-05,3,rebound,0.0040232539690632455,0.00039999999999999996,0.39999999999999997,94993.93323329528
2015-10-06,0,aggressive,0.0015853216122653667,0.0,0.0,95144.52916868412
2015-10-07,0,aggressive,0.004523334423778024,0.00039999999999999996,0.39999999999999997,95574.89969270698
2015-10-08,0,aggressive,0.004133072502805035,0.0,0.0,95969.91768258526
2015-10-09,0,aggressive,0.0025275373443234047,0.0,0.0,96212.48523345965
2015-10-12,3,rebound,0.00257868334238589,0.0,0.0,96460.58676646072
2015-10-13,3,rebound,-0.00205170005548162,0.00039999999999999996,0.39999999999999997,96262.67857524019
2015-10-14,3,rebound,0.003714641071075131,0.0,0.0,96620.25987468747
2015-10-15,3,rebound,0.005293541534637724,0.0,0.0,97131.72323342162
2015-10-16,3,rebound,0.0009579288092756765,0.0,0.0,97224.7685094015
2015-10-19,3,rebound,-0.001412802487672571,0.0,0.0,97087.40911458804
2015-10-20,3,rebound,-0.0012163710850987106,0.0,0.0,96969.3147974139
2015-10-21,3,rebound,-0.0018960880206884468,0.0,0.0,96785.45244125216
2015-10-22,3,rebound,0.008883035989250044,0.0,0.0,97645.20109852366
2015-10-23,3,rebound,0.002581564465916575,0.0,0.0,97897.27847994688
2015-10-26,3,rebound,0.0006420241918257184,0.0,0.0,97960.1309010449
2015-10-27,3,rebound,0.0002326983671100624,0.0,0.0,97982.92606354746
2015-10-28,3,rebound,0.0028690938301149105,0.0,0.0,98264.048272173
2015-10-29,3,rebound,-0.00697349569646456,0.0,0.0,97578.8043544298
2015-10-30,3,rebound,-0.0006555527288888753,0.0,0.0,97514.83630295354
2015-11-02,3,rebound,0.0032374297585555985,0.0,0.0,97830.53373590141
2015-11-03,3,rebound,-0.003975541832219121,0.0,0.0,97441.60435656601
2015-11-04,3,rebound,-0.003057550241224805,0.0,0.0,97143.67175566025
2015-11-05,3,rebound,-0.0019146758119525597,0.0,0.0,96957.67311706544
2015-11-06,3,rebound,-0.007574006751159901,0.0,0.0,96223.31504630003
2015-11-09,3,rebound,-0.005778749338758093,0.0,0.0,95667.2646281031
2015-11-10,3,rebound,0.0016194535551804943,0.0,0.0,95822.19331991949
2015-11-11,0,aggressive,-0.003269719480360267,0.0,0.0,95508.8816277705
2015-11-12,2,cautious,-0.009190152766088987,0.00039999999999999996,0.39999999999999997,94631.14041509297
2015-11-13,2,cautious,-0.002720357631403635,0.0008,0.8,94373.70987009634
2015-11-16,2,cautious,0.004628681406628776,0.0,0.0,94810.53570624664
2015-11-17,2,cautious,-0.003512598696300073,0.0,0.0,94477.50434212935
2015-11-18,2,cautious,0.005858712258892496,0.0,0.0,95031.02085500816
2015-11-19,2,cautious,0.005716974720924672,0.0,0.0,95574.3107989399
2015-11-20,2,cautious,-0.001493272329991613,0.0,0.0,95431.59232516582
2015-11-23,2,cautious,-0.0015305972141245955,0.0,0.0,95285.52499581345
2015-11-24,2,cautious,0.002363456595883595,0.0,0.0,95510.72819835704
2015-11-25,2,cautious,-0.000514703104628289,0.0,0.0,95461.56853002805
2015-11-27,2,cautious,-0.003595151652092765,0.0,0.0,95118.36971421595
2015-11-30,2,cautious,0.0023268748267863738,0.0,0.0,95339.69825426891
2015-12-01,2,cautious,0.00932321677920267,0.0,0.0,96228.57092875724
2015-12-02,2,cautious,-0.007594839284828891,0.0,0.0,95497.73039794459
2015-12-03,2,cautious,-0.01188625495542103,0.0,0.0,94362.62002677054
2015-12-04,2,cautious,0.016027394442635255,0.0,0.0,95875.00695858011
2015-12-07,2,cautious,-0.0018296611743312532,0.0,0.0,95699.58818075925
2015-12-08,2,cautious,-0.0013220363852815883,0.0,0.0,95573.06984312783
2015-12-09,2,cautious,-0.0033440162262717175,0.0,0.0,95253.47194677782
2015-12-10,2,cautious,0.001036948716586228,0.0,0.0,95352.24491226341
2015-12-11,2,cautious,0.0021274097852326257,0.0,0.0,95555.09821113365
2015-12-14,2,cautious,-0.00749633827245817,0.0,0.0,94838.78487128502
2015-12-15,2,cautious,-3.949989079643761e-06,0.0,0.0,94838.41025912046
2015-12-16,2,cautious,0.0071680191949126115,0.0,0.0,95518.21380427282
2015-12-17,2,cautious,-0.006618653022257548,0.0,0.0,94886.01188979653
2015-12-18,2,cautious,0.0014721552061804925,0.0,0.0,95025.6988261938
2015-12-21,2,cautious,0.005640699396273052,0.0,0.0,95561.71022819311
2015-12-22,2,cautious,-0.0017378914133147074,0.0,0.0,95395.63435254588
2015-12-23,2,cautious,-0.00017071976228620947,0.0,0.0,95379.34843252607
2015-12-24,2,cautious,0.003966185061746797,0.0,0.0,95757.64057947829
2015-12-28,2,cautious,-0.001774117762425509,0.0,0.0,95587.75524843828
2015-12-29,2,cautious,-0.0036491864058640472,0.0,0.0,95238.93771141862
2015-12-30,2,cautious,-0.004815698625397158,0.0,0.0,94780.29568999745
2015-12-31,2,cautious,-0.0010831054592554176,0.0,0.0,94677.63863430577
2016-01-04,2,cautious,0.0029205770870878948,0.0,0.0,94954.1519763607
2016-01-05,2,cautious,-0.000260907388668552,0.0,0.0,94929.37773652532
2016-01-06,2,cautious,0.0059382576715366845,0.0,0.0,95493.09284212346
2016-01-07,2,cautious,-0.0022377450939091385,0.0,0.0,95279.40364211379
2016-01-08,2,cautious,-0.002830122316111905,0.0,0.0,95009.7512756004
2016-01-11,2,cautious,-0.006748761422653582,0.0,0.0,94368.55313141571
2016-01-12,2,cautious,0.0066725576428865,0.0,0.0,94998.23274186089
2016-01-13,2,cautious,-0.0020711783783803773,0.0,0.0,94801.47445622161
2016-01-14,2,cautious,-0.0036893414379389313,0.0,0.0,94451.71944813256
2016-01-15,2,cautious,0.0028816956255978917,0.0,0.0,94723.90055489645
2016-01-19,2,cautious,-0.0011295233299261633,0.0,0.0,94616.90769931808
2016-01-20,2,cautious,0.004377656250991679,0.0,0.0,95031.10799675749
2016-01-21,2,cautious,-0.0006931796951741734,0.0,0.0,94965.23436228423
2016-01-22,2,cautious,0.003235274903096873,0.0,0.0,95272.47300168325
2016-01-25,2,cautious,0.0007205999891024329,0.0,0.0,95341.12634469001
2016-01-26,2,cautious,0.007705595706786084,0.0,0.0,96075.78651853182
2016-01-27,2,cautious,-0.002241705195715371,0.0,0.0,95860.4129287108
2016-01-28,2,cautious,-0.0010697254667888178,0.0,0.0,95757.86860374405
2016-01-29,2,cautious,0.011858328874532375,0.0,0.0,96893.39690197152
2016-02-01,2,cautious,0.0017522891494367475,0.0,0.0,97063.18215001491
2016-02-02,2,cautious,0.0021252648786548433,0.0,0.0,97269.46712204882
2016-02-03,2,cautious,0.0017009562735805781,0.0,0.0,97434.91823237791
2016-02-04,2,cautious,0.0060334403144677974,0.0,0.0,98022.785996078
2016-02-05,2,cautious,-0.0005002416181591699,0.0,0.0,97973.75091899486
2016-02-08,2,cautious,0.008602556947506201,0.0,0.0,98816.5756906363
2016-02-09,2,cautious,-0.00021670107489192293,0.0,0.0,98795.162032467
2016-02-10,2,cautious,0.005590492000416869,0.0,0.0,99347.47559548939
2016-02-11,2,cautious,0.010955537055161602,0.0,0.0,100435.88054571253
2016-02-12,2,cautious,-0.0022193164450447396,0.0,0.0,100212.98154434488
2016-02-16,3,rebound,-0.008264193098334338,0.0,0.0,99384.8021139026
2016-02-17,3,rebound,0.007160144096314992,0.0004,0.4,100096.41161802187
2016-02-18,3,rebound,0.006507658890234447,0.0,0.0,100747.80492096847
2016-02-19,2,cautious,-0.001182756505311544,0.0,0.0,100628.64479930233
2016-02-22,3,rebound,-0.0016025569644872561,0.0004,0.4,100467.38166375228
2016-02-23,3,rebound,-0.002504443670822231,0.0004,0.4,100215.76676562043
2016-02-24,3,rebound,0.0023598433568982613,0.0,0.0,100452.26027707875
2016-02-25,3,rebound,0.007657940059685941,0.0,0.0,101221.51766514058
2016-02-26,3,rebound,-0.005418009333571938,0.0,0.0,100673.09853767253
2016-02-29,3,rebound,2.746165006806047e-06,0.0,0.0,100673.37500261284
2016-03-01,3,rebound,0.0050044996369742025,0.0,0.0,101177.1948712664
2016-03-02,3,rebound,0.0050295410964303015,0.0,0.0,101686.06973089295
2016-03-03,3,rebound,0.006507834582386218,0.0,0.0,102347.82585203458
2016-03-04,3,rebound,-0.000611672633767013,0.0,0.0,102285.22248783533
2016-03-07,3,rebound,0.0013013179587554658,0.0,0.0,102418.32808477407
2016-03-08,3,rebound,-0.003069963062879655,0.0,0.0,102103.90760059192
2016-03-09,3,rebound,-0.0010119112100159034,0.0,0.0,102000.58751190446
2016-03-10,3,rebound,0.0023813006079894342,0.0,0.0,102243.48157296184
2016-03-11,3,rebound,0.0015972621861486628,0.0,0.0,102406.79121985851
2016-03-14,3,rebound,-0.002278414170007137,0.0,0.0,102173.46613563823
2016-03-15,3,rebound,-0.0003803514213987059,0.0,0.0,102134.60431256429
2016-03-16,3,rebound,0.00824409041386336,0.0,0.0,102976.61122490122
2016-03-17,3,rebound,0.003648738446766808,0.0,0.0,103352.34594539527
2016-03-18,3,rebound,0.0020446799374341127,0.0,0.0,103563.66841363655
2016-03-21,3,rebound,-0.0029942401187560194,0.0,0.0,103253.57392282691
2016-03-22,3,rebound,0.0002494888065756152,0.0,0.0,103279.33453375957
2016-03-23,3,rebound,-0.004428272991004966,0.0,0.0,102821.98544611476
2016-03-24,3,rebound,-0.0005860067715793172,0.0,0.0,102761.73106637612
2016-03-28,3,rebound,0.001153120127618612,0.0,0.0,102880.2276868177
2016-03-29,3,rebound,0.011475679055700506,0.0,0.0,104060.84816092902
2016-03-30,3,rebound,-0.003760464040980238,0.0,0.0,103669.53108334594
2016-03-31,3,rebound,0.0018370037669342087,0.0,0.0,103859.97240246234
2016-04-01,3,rebound,0.002981605362841755,0.0,0.0,104169.64185316212
2016-04-04,3,rebound,-0.0027695319666132478,0.0,0.0,103881.14070009913
2016-04-05,3,rebound,0.0008870068602245262,0.0,0.0,103973.28398454806
2016-04-06,3,rebound,0.0020580422249687922,0.0,0.0,104187.26539325694
2016-04-07,3,rebound,0.0005766150419659445,0.0,0.0,104247.34133766398
2016-04-08,3,rebound,-0.0008521997400766534,0.0,0.0,104158.50178047235
2016-04-11,3,rebound,0.001142168580548808,0.0,0.0,104277.46834860303
2016-04-12,3,rebound,0.0026191649844846785,0.0,0.0,104550.5882423724
2016-04-13,3,rebound,0.0039720614406154155,0.0,0.0,104965.86960252358
2016-04-14,3,rebound,-0.004209893267912312,0.0,0.0,104523.97449472337
2016-04-15,3,rebound,0.0034001631006451262,0.0,0.0,104879.37305593309
2016-04-18,3,rebound,0.0019115414943710607,0.0,0.0,105079.85432943315
2016-04-19,3,rebound,0.0037657667663963394,0.0,0.0,105475.5605526847
2016-04-20,3,rebound,-0.0038440720202804644,0.0,0.0,105070.10490154072
2016-04-21,3,rebound,-0.0037169093059941536,0.0,0.0,104679.56885085041
2016-04-22,3,rebound,-0.0033317651184129994,0.0,0.0,104330.80111474264
2016-04-25,3,rebound,-0.0015232376972758698,0.0,0.0,104171.88050549768
2016-04-26,3,rebound,0.00017697709032051825,0.0,0.0,104190.31654180278
2016-04-27,3,rebound,0.004596054629910862,0.0,0.0,104669.1809285366
2016-04-28,3,rebound,0.00047938828328689684,0.0,0.0,104719.35810749499
2016-04-29,3,rebound,0.001959382040465663,0.0,0.0,104924.54333705992
2016-05-02,3,rebound,0.00029068020711369173,0.0,0.0,104955.04282504844
2016-05-03,3,rebound,-0.0010273847646573911,0.0,0.0,104847.21361307603
2016-05-04,3,rebound,-0.002363502118786698,0.0,0.0,104599.40700155264
2016-05-05,3,rebound,0.0016791935672794689,0.0,0.0,104775.0496529309
2016-05-06,3,rebound,0.0023656828771036146,0.0,0.0,105022.91419384253
2016-05-09,3,rebound,-0.0027516689875197284,0.0,0.0,104733.92589787638
2016-05-10,3,rebound,0.006786716625677581,0.0,0.0,105444.72537403999
2016-05-11,3,rebound,-0.001096358973578826,0.0,0.0,105329.1201031596
2016-05-12,3,rebound,-0.002794514457725561,0.0,0.0,105034.7763542118
2016-05-13,3,rebound,-0.0005412933489152617,0.0,0.0,104977.92172836646
2016-05-16,3,rebound,0.002495204155311137,0.0,0.0,105239.86307487903
2016-05-17,3,rebound,-0.003473817044430283,0.0,0.0,104874.27904477599
2016-05-18,3,rebound,-0.007593256723604235,0.0,0.0,104077.94172028611
2016-05-19,3,rebound,-0.0008183206765041029,0.0,0.0,103992.7725886084
2016-05-20,3,rebound,0.003122350127963802,0.0,0.0,104317.47443540776
2016-05-23,3,rebound,-0.0005807435505351566,0.0,0.0,104256.89273492128
2016-05-24,3,rebound,0.0016790540855810441,0.0,0.0,104431.94569661783
2016-05-25,3,rebound,0.0017141276851216137,0.0,0.0,104610.95538594751
2016-05-26,3,rebound,0.0010128982547189967,0.0,0.0,104716.91564008243
2016-05-27,3,rebound,6.460150665830154e-05,0.0,0.0,104723.6805106054
2016-05-31,3,rebound,0.0005257027199684683,0.0,0.0,104778.73403429495
2016-06-01,3,rebound,0.0020350342643417505,0.0,0.0,104991.96234822909
2016-06-02,1,defensive,0.003218433190351844,0.0,0.0,105329.8719645708
2016-06-03,1,defensive,0.014245855014799781,0.0006,0.6,106830.38604930548
2016-06-06,1,defensive,-0.002596776512712573,0.0,0.0,106552.97141196863
2016-06-07,3,rebound,0.0012698710512486278,0.0,0.0,106688.2799457892
2016-06-08,3,rebound,0.005599113666225631,0.0006,0.6,107285.63975205978
2016-06-09,1,defensive,0.0023646044258823218,0.0,0.0,107539.3278506511
2016-06-10,1,defensive,0.0011397231404406188,0.0006,0.6,107661.89291110993
2016-06-13,1,defensive,0.0029013334648308577,0.0,0.0,107974.25596389998
2016-06-14,1,defensive,-0.00044460297412706194,0.0,0.0,107926.25028856928
2016-06-15,1,defensive,0.003866648433240005,0.0,0.0,108343.56315515304
2016-06-16,1,defensive,-0.00012637138050335377,0.0,0.0,108329.87162950847
2016-06-17,1,defensive,-1.023198862567555e-05,0.0,0.0,108328.76319949413
2016-06-20,1,defensive,-0.005849473808920157,0.0,0.0,107695.09693640597
2016-06-21,1,defensive,-0.007513632738901488,0.0,0.0,106885.91553024542
2016-06-22,1,defensive,0.0006464744986433901,0.0,0.0,106955.01454889988
2016-06-23,1,defensive,-0.005075114400627422,0.0,0.0,106412.20561434343
2016-06-24,1,defensive,0.020953308956103256,0.0,0.0,108641.89343528116
2016-06-27,1,defensive,0.010520773822397245,0.0,0.0,109784.89022375076
2016-06-28,1,defensive,0.0014281179468296772,0.0,0.0,109941.67599577001
2016-06-29,1,defensive,0.000814163746330743,0.0,0.0,110031.18652257662
2016-06-30,1,defensive,0.006073562108754448,0.0,0.0,110699.46776782142
2016-07-01,1,defensive,0.01196429576255067,0.0,0.0,112023.9089409526
2016-07-05,1,defensive,0.007297705949557876,0.0,0.0,112841.4264877237
2016-07-06,1,defensive,0.00376882535844536,0.0,0.0,113266.7061173538
2016-07-07,1,defensive,-0.0012876764123572193,0.0,0.0,113120.85525158106
2016-07-08,1,defensive,0.008464474811260024,0.0,0.0,114078.36388148626
2016-07-11,1,defensive,-0.0065092616795361605,0.0,0.0,113335.79795900833
2016-07-12,1,defensive,-0.011732636416405352,0.0,0.0,112006.0702485921
2016-07-13,1,defensive,0.00862575260263787,0.0,0.0,112972.20690055014
2016-07-14,1,defensive,-0.008469073619413903,0.0,0.0,112015.43696336172
2016-07-15,1,defensive,-0.00572132604958262,0.0,0.0,111374.56012590785
2016-07-18,1,defensive,0.0005407537663243534,0.0,0.0,111434.78633876867
2016-07-19,1,defensive,0.0030187384353354886,0.0,0.0,111771.1788113229
2016-07-20,1,defensive,-0.006192475701482925,0.0,0.0,111079.03850240768
2016-07-21,1,defensive,0.004826855667327767,0.0,0.0,111615.20098892432
2016-07-22,1,defensive,-0.0004754566811720482,0.0,0.0,111562.13279589378
2016-07-25,1,defensive,-0.002993262993086998,0.0,0.0,111228.19799236597
2016-07-26,1,defensive,0.002152777074754297,0.0,0.0,111467.64750707014
2016-07-27,1,defensive,0.010847598164618423,0.0,0.0,112676.80375558215
2016-07-28,1,defensive,-0.001560181509407932,0.0,0.0,112501.0074898235
2016-07-29,1,defensive,0.00759160550053597,0.0,0.0,113355.07075709909
2016-08-01,1,defensive,-0.005028426356664351,0.0,0.0,112785.07313164254
2016-08-02,1,defensive,-0.003995073906589253,0.0,0.0,112334.48842892156
2016-08-03,1,defensive,-0.0005540028750047443,0.0,0.0,112272.25479936975
2016-08-04,1,defensive,0.004478646749406213,0.0,0.0,112775.08256837545
2016-08-05,1,defensive,-0.008922166760139193,0.0,0.0,111768.88447531192
2016-08-08,1,defensive,0.0005640226550369444,0.0,0.0,111831.92465828422
2016-08-09,1,defensive,0.006261560351337603,0.0,0.0,112532.16700373832
2016-08-10,1,defensive,0.002845678158217768,0.0,0.0,112852.39733347775
2016-08-11,1,defensive,-0.00560804828419631,0.0,0.0,112219.51564024432
2016-08-12,1,defensive,0.003403316330851103,0.0,0.0,112601.43415046297
2016-08-15,1,defensive,-0.0030989778529226025,0.0,0.0,112252.48479982337
2016-08-16,1,defensive,-0.0008864003881042138,0.0,0.0,112152.98415373116
2016-08-17,1,defensive,0.0034451183477470335,0.0,0.0,112539.36445719376
2016-08-18,3,rebound,0.002663025097402816,0.0,0.0,112839.05960918905
2016-08-19,3,rebound,-0.0046676617040074635,0.0006,0.6,112312.36505193502
2016-08-22,1,defensive,0.0022108704065736283,0.0,0.0,112560.67313612063
2016-08-23,3,rebound,0.00029174225383545916,0.0006,0.6,112593.51184059461
2016-08-24,1,defensive,-0.006087396544346157,0.0006,0.6,111908.11048570038
2016-08-25,1,defensive,-0.002895767776133284,0.0006,0.6,111584.05058546792
2016-08-26,1,defensive,-0.003714539739707057,0.0,0.0,111169.56719525073
2016-08-29,1,defensive,0.008265526442119708,0.0,0.0,112088.44219246208
2016-08-30,1,defensive,-0.005272243173135538,0.0,0.0,111497.48466832547
2016-08-31,3,rebound,-0.00045280000389424924,0.0,0.0,111446.99860683344
2016-09-01,3,rebound,0.0005713905084209443,0.0006,0.6,111510.67836402942
2016-09-02,3,rebound,0.0018506714392507286,0.0,0.0,111717.0479916492
2016-09-06,3,rebound,0.007078219637318228,0.0,0.0,112507.80579456691
2016-09-07,3,rebound,-0.000944039940199659,0.0,0.0,112401.59393231262
2016-09-08,0,aggressive,-0.005964352385745929,0.0,0.0,111731.19121738078
2016-09-09,0,aggressive,-0.02110746592193422,0.00039999999999999996,0.39999999999999997,109372.8289063428
2016-09-12,0,aggressive,0.0100203265768517,0.0,0.0,110468.78037061846
2016-09-13,0,aggressive,-0.012998311461709988,0.0,0.0,109032.87275656592
2016-09-14,0,aggressive,0.000377824525396353,0.0,0.0,109074.06804996775
2016-09-15,0,aggressive,0.005488874930409937,0.0,0.0,109672.76196764504
2016-09-16,0,aggressive,-0.00133705627414602,0.0,0.0,109526.12331315328
2016-09-19,0,aggressive,-0.00031383819628929557,0.0,0.0,109491.74983216611
2016-09-20,0,aggressive,0.0008284002512993549,0.0,0.0,109582.45282524229
2016-09-21,0,aggressive,0.010948152923423259,0.0,0.0,110782.17827649684
2016-09-22,0,aggressive,0.006236458393082621,0.0,0.0,111473.06672201325
2016-09-23,0,aggressive,-0.003962365208993346,0.0,0.0,111031.36972069416
2016-09-26,0,aggressive,-0.004478295531810128,0.0,0.0,110534.13843378321
2016-09-27,0,aggressive,0.005083515943324701,0.0,0.0,111096.040488793
2016-09-28,0,aggressive,0.002726007339658542,0.0,0.0,111398.88911057245
2016-09-29,0,aggressive,-0.005946163795987236,0.0,0.0,110736.49306922997
2016-09-30,0,aggressive,0.0031538062140064158,0.0,0.0,111085.73450918899
2016-10-03,0,aggressive,-0.002597531987064771,0.0,0.0,110797.18576049477
2016-10-04,0,aggressive,-0.009378510974437659,0.0,0.0,109758.07313790318
2016-10-05,0,aggressive,0.0020082901173389175,0.0,0.0,109978.4991914842
2016-10-06,0,aggressive,-0.0015546413596317253,0.0,0.0,109807.52206797089
2016-10-07,0,aggressive,-0.0021992943709260634,0.0,0.0,109566.02300280148
2016-10-10,0,aggressive,0.0028167637739390677,0.0,0.0,109874.64460725033
2016-10-11,0,aggressive,-0.009799102534570125,0.0,0.0,108797.97169879444
2016-10-12,0,aggressive,0.001273119028006775,0.0,0.0,108936.48446677273
2016-10-13,0,aggressive,-0.0012986059604129018,0.0,0.0,108795.01889873775
2016-10-14,0,aggressive,-0.00299905019477511,0.0,0.0,108468.73717611893
2016-10-17,0,aggressive,-0.0008857029545064285,0.0,0.0,108372.66609513048
2016-10-18,0,aggressive,0.005651369668040206,0.0,0.0,108985.12009314516
2016-10-19,0,aggressive,0.002605577418764926,0.0,0.0,109269.08926104124
2016-10-20,0,aggressive,-0.0014017995278700068,0.0,0.0,109115.91590330431
2016-10-21,0,aggressive,0.0007024925942033855,0.0,0.0,109192.5690261361
2016-10-24,0,aggressive,0.001883351050614412,0.0,0.0,109398.21696573075
2016-10-25,0,aggressive,-0.0010633774942275021,0.0,0.0,109281.88536390077
2016-10-26,0,aggressive,-0.00331758159527884,0.0,0.0,108919.33379232013
2016-10-27,0,aggressive,-0.0038634869145295343,0.0,0.0,108498.52537147421
2016-10-28,0,aggressive,-0.002041413115238755,0.0,0.0,108277.03505879683
2016-10-31,0,aggressive,0.0015554601995664496,0.0,0.0,108445.45567735784
2016-11-01,0,aggressive,-0.004408290262273973,0.0,0.0,107967.39663110748
2016-11-02,0,aggressive,-0.002601753483966551,0.0,0.0,107686.4920807677
2016-11-03,0,aggressive,-0.004205238979346026,0.0,0.0,107233.64464672063
2016-11-04,0,aggressive,0.0010934433323890435,0.0,0.0,107350.89856046735
2016-11-07,0,aggressive,0.01193856121753859,0.0,0.0,108632.51383468928
2016-11-08,0,aggressive,0.0019239375317256942,0.0,0.0,108841.51600522157
2016-11-09,0,aggressive,-0.0011308965595148717,0.0,0.0,108718.42750923886
2016-11-10,0,aggressive,-0.002696266430007954,0.0,0.0,108425.29366282243
2016-11-11,0,aggressive,-0.004950694046703296,0.0,0.0,107888.51320697383
2016-11-14,0,aggressive,-0.0014918460336001303,0.0,0.0,107727.560156475
2016-11-15,0,aggressive,0.007320865524751197,0.0,0.0,108516.21913769009
2016-11-16,0,aggressive,0.00019091183254179564,0.0,0.0,108536.93616794617
2016-11-17,0,aggressive,0.0001417090361436669,0.0,0.0,108552.31683255653
2016-11-18,0,aggressive,-0.0030217202850243317,0.0,0.0,108224.30209479721
2016-11-21,0,aggressive,0.006156034290110978,0.0,0.0,108890.53460951612
2016-11-22,0,aggressive,0.001266580866231981,0.0,0.0,109028.4532771663
2016-11-23,0,aggressive,-0.002377362115958825,0.0,0.0,108769.25316278359
2016-11-25,0,aggressive,0.0023340264927985796,0.0,0.0,109023.12348126745
2016-11-28,0,aggressive,-0.0007564062961463727,0.0,0.0,108940.65770424069
2016-11-29,0,aggressive,0.0017376616537649325,0.0,0.0,109129.95970766927
2016-11-30,0,aggressive,-0.006261374859779866,0.0,0.0,108446.65612150688
2016-12-01,0,aggressive,-0.004872659285588953,0.0,0.0,107918.23251556534
2016-12-02,0,aggressive,0.002354232184319049,0.0,0.0,108172.29709182832
2016-12-05,0,aggressive,0.003453664641516706,0.0,0.0,108545.88792948601
2016-12-06,0,aggressive,0.0019679673383872,0.0,0.0,108759.50269164747
2016-12-07,0,aggressive,0.011224226672695401,0.0,0.0,109980.24400266814
2016-12-08,0,aggressive,-0.0008770209613969682,0.0,0.0,109883.78902333826
2016-12-09,0,aggressive,0.0006917125294851442,0.0,0.0,109959.797016993
2016-12-12,0,aggressive,-4.846450705345837e-05,0.0,0.0,109954.4678696349
2016-12-13,0,aggressive,0.005051374218481896,0.0,0.0,110509.88903383847
2016-12-14,0,aggressive,-0.009479293916291785,0.0,0.0,109462.33331502993
2016-12-15,0,aggressive,0.0025229590440349445,0.0,0.0,109738.50229884825
2016-12-16,0,aggressive,-0.0011673586901303824,0.0,0.0,109610.3981045478
2016-12-19,0,aggressive,0.004175094106082788,0.0,0.0,110068.03183163948
2016-12-20,0,aggressive,0.0009671102557700314,0.0,0.0,110174.4797540563
2016-12-21,0,aggressive,-0.0010095448306396305,0.0,0.0,110063.25367755219
2016-12-22,0,aggressive,-0.0018078431233386925,0.0,0.0,109864.27658125895
2016-12-23,0,aggressive,0.0017481487032200427,0.0,0.0,110056.33567389467
2016-12-27,0,aggressive,0.0016768596354786334,0.0,0.0,110240.88470081492
2016-12-28,0,aggressive,-0.004047171253804037,0.0,0.0,109794.72096125987
2016-12-29,0,aggressive,0.001866412621736768,0.0,0.0,109999.64321426202
2016-12-30,0,aggressive,-0.0028725008648810336,0.0,0.0,109683.66914399243
2017-01-03,0,aggressive,0.006995855544297335,0.0,0.0,110451.00024889229
2017-01-04,0,aggressive,0.005286469173890062,0.0,0.0,111034.8960569334
2017-01-05,0,aggressive,0.004126183741810896,0.0,0.0,111493.04643981719
2017-01-06,0,aggressive,-6.925299559259481e-05,0.0,0.0,111485.32521236349
2017-01-09,0,aggressive,0.00011778196972159747,0.0,0.0,111498.45617356207
2017-01-10,0,aggressive,0.0002946732300699306,0.0,0.0,111531.31178379054
2017-01-11,0,aggressive,0.0029611339511844024,0.0,0.0,111861.57093773366
2017-01-12,0,aggressive,-0.0018376884293185734,0.0,0.0,111656.004223136
2017-01-13,0,aggressive,0.0009186560019281753,0.0,0.0,111758.5776815669
2017-01-17,0,aggressive,0.0010633490782481767,0.0,0.0,111877.41606213091
2017-01-18,0,aggressive,-0.001860601452258148,0.0,0.0,111669.25677933081
2017-01-19,0,aggressive,-0.00405198889570958,0.0,0.0,111216.77419086882
2017-01-20,0,aggressive,0.002416151362620167,0.0,0.0,111485.4907513763
2017-01-23,0,aggressive,0.0008227812073932415,0.0,0.0,111577.21891806356
2017-01-24,0,aggressive,0.0026689449113691194,0.0,0.0,111875.01236871965
2017-01-25,0,aggressive,0.002724390937765519,0.0,0.0,112179.80363857938
2017-01-26,0,aggressive,-0.000985428024569268,0.0,0.0,112069.25851628324
2017-01-27,0,aggressive,-0.0001744524565616468,0.0,0.0,112049.70775883003
2017-01-30,0,aggressive,-0.004520114232893624,0.0,0.0,111543.23027999778
2017-01-31,0,aggressive,0.002716742660657145,0.0,0.0,111846.26453220694
2017-02-01,0,aggressive,-0.00126275682189938,0.0,0.0,111705.02989866493
2017-02-02,0,aggressive,0.0009328449149081929,0.0,0.0,111809.23336777557
2017-02-03,0,aggressive,0.004991368313691024,0.0,0.0,112367.31443238557
2017-02-06,0,aggressive,0.001310754311771045,0.0,0.0,112514.60037427994
2017-02-07,0,aggressive,0.0012967376782834661,0.0,0.0,112660.5022959423
2017-02-08,0,aggressive,0.004258314095419457,0.0,0.0,113140.24610086615
2017-02-09,3,rebound,0.0010846688162777119,0.0,0.0,113262.96579767777
2017-02-10,3,rebound,0.0019279160706420332,0.00039999999999999996,0.39999999999999997,113481.32728964768
2017-02-13,3,rebound,0.0004164120457854968,0.0,0.0,113528.5822813028
2017-02-14,3,rebound,5.2438618672235026e-05,0.0,0.0,113534.53556333746
2017-02-15,3,rebound,0.002119062013136264,0.0,0.0,113775.12228482877
2017-02-16,3,rebound,0.0022861327231950557,0.0,0.0,114035.22731496964
2017-02-17,1,defensive,0.0018914734069962469,0.0,0.0,114250.9219148967
2017-02-21,1,defensive,-0.00010316513415384787,0.0006,0.6,114239.13520321014
2017-02-22,1,defensive,0.0010626268695714813,0.0,0.0,114360.52877783366
2017-02-23,1,defensive,0.004252191901867674,0.0,0.0,114846.81169219608
2017-02-24,1,defensive,0.007723165722404257,0.0,0.0,115733.79265158465
2017-02-27,1,defensive,-0.0040918618449804715,0.0,0.0,115260.22596125875
2017-02-28,1,defensive,0.0015924897062579157,0.0,0.0,115443.776684643
2017-03-01,1,defensive,-0.006006549541191885,0.0,0.0,114750.3579207644
2017-03-02,1,defensive,-0.006788123119841038,0.0,0.0,113971.41836315244
2017-03-03,1,defensive,0.0012492610521684711,0.0,0.0,114113.79841717391
2017-03-06,1,defensive,-0.005000337387609477,0.0,0.0,113543.19092450637
2017-03-07,3,rebound,-0.004528888456725821,0.0,0.0,113028.96647778858
2017-03-08,3,rebound,-0.004393455788684741,0.0006,0.6,112532.37871072767
2017-03-09,3,rebound,-0.0027856150786220724,0.0,0.0,112218.90681975786
2017-03-10,3,rebound,0.003241602919599096,0.0,0.0,112582.675955739
2017-03-13,3,rebound,-0.001606330822669144,0.0,0.0,112401.83093325273
2017-03-14,3,rebound,-0.0015519387870981504,0.0,0.0,112227.39017208655
2017-03-15,3,rebound,0.011724272318679028,0.0,0.0,113543.17465607874
2017-03-16,3,rebound,-0.001676697783647607,0.0,0.0,113352.79706678458
2017-03-17,3,rebound,0.0014503620964984253,0.0,0.0,113517.19966718234
2017-03-20,3,rebound,0.001630003515801881,0.0,0.0,113702.23310174383
2017-03-21,3,rebound,-0.002173980910103612,0.0,0.0,113455.04661754449
2017-03-22,3,rebound,0.002864473808195411,0.0,0.0,113780.03562698801
2017-03-23,3,rebound,-0.0012255866733175023,0.0,0.0,113640.58833163399
2017-03-24,3,rebound,0.001027933390160618,0.0,0.0,113757.40328685757
2017-03-27,3,rebound,0.0019792307928957697,0.0,0.0,113982.5554423628
2017-03-28,3,rebound,0.0008172507671306616,0.0,0.0,114075.70777323759
2017-03-29,3,rebound,0.0027455907972580686,0.0,0.0,114388.9129866905
2017-03-30,3,rebound,-0.0022723068268674096,0.0,0.0,114128.98627879289
2017-03-31,3,rebound,0.00013061281246693482,0.0,0.0,114143.89298667475
2017-04-03,3,rebound,0.0032178547379606345,0.0,0.0,114511.1914535312
2017-04-04,3,rebound,-0.000856282168154554,0.0,0.0,114413.1375622354
2017-04-05,3,rebound,-0.0005689998259453488,0.0,0.0,114348.03650687661
2017-04-06,3,rebound,0.00022498762851413945,0.0,0.0,114373.76340043555
2017-04-07,3,rebound,-0.0012528936379897603,0.0,0.0,114230.4652399182
2017-04-10,3,rebound,0.0016895600281486621,0.0,0.0,114423.46446798438
2017-04-11,3,rebound,0.005146398383678896,0.0,0.0,115012.33320057733
2017-04-12,3,rebound,0.0008208296449187526,0.0,0.0,115106.73873319966
2017-04-13,3,rebound,-0.0013707729903079334,0.0,0.0,114948.95352474175
2017-04-17,3,rebound,0.002919390218849216,0.0,0.0,115284.53437532882
2017-04-18,3,rebound,0.0033807142657183986,0.0,0.0,115674.2784453082
2017-04-19,3,rebound,-0.004330171965838658,0.0,0.0,115173.3889276157
2017-04-20,3,rebound,0.0032864464732190847,0.0,0.0,115551.90010546557
2017-04-21,3,rebound,-0.0010194268553022079,0.0,0.0,115434.10339531685
2017-04-24,3,rebound,0.0026603475886844974,0.0,0.0,115741.19823393656
2017-04-25,3,rebound,-0.0027276337603816645,0.0,0.0,115425.49863416665
2017-04-26,3,rebound,0.002322092694460798,0.0,0.0,115693.52734129952
2017-04-27,3,rebound,-0.00042362130241270225,0.0,0.0,115644.51709856647
2017-04-28,3,rebound,0.0002050948016082744,0.0,0.0,115668.23518785789
2017-05-01,3,rebound,-0.003055491593405535,0.0,0.0,115314.81186761733
2017-05-02,3,rebound,0.0016910783583491185,0.0,0.0,115509.81825036375
2017-05-03,3,rebound,-0.003201514682538243,0.0,0.0,115140.01187125788
2017-05-04,3,rebound,-0.0029083854753539145,0.0,0.0,114805.14033309945
2017-05-05,3,rebound,0.0026176463880352996,0.0,0.0,115105.65959402028
2017-05-08,3,rebound,-0.0021602458948028367,0.0,0.0,114857.00306541374
2017-05-09,3,rebound,-0.0016829393467063026,0.0,0.0,114663.70569571019
2017-05-10,3,rebound,0.0005324269303833229,0.0,0.0,114724.75574056011
2017-05-11,3,rebound,-0.00022859197164118992,0.0,0.0,114698.53058244933
2017-05-12,3,rebound,0.001997048948057345,0.0,0.0,114927.58916229273
2017-05-15,1,defensive,0.0024768722170285585,0.0,0.0,115212.25011485889
2017-05-16,3,rebound,0.0023813775800912047,0.0006,0.6,115486.61398423428
2017-05-17,3,rebound,-0.0014639874191015529,0.0006,0.6,115317.54303428672
2017-05-18,3,rebound,0.0007186386214501849,0.0,0.0,115400.41467444188
2017-05-19,1,defensive,0.004950257784765188,0.0,0.0,115971.67647554916
2017-05-22,1,defensive,0.00029762838869024143,0.0006,0.6,116006.19293875227
2017-05-23,1,defensive,-0.004822934010773517,0.0,0.0,115446.7027253676
2017-05-24,1,defensive,0.0044653605448814245,0.0,0.0,115962.21387675412
2017-05-25,1,defensive,0.0007921278871202643,0.0,0.0,116054.0707802181
2017-05-26,1,defensive,0.003471988599070741,0.0,0.0,116457.00919084279
2017-05-30,1,defensive,0.0013007432156691646,0.0,0.0,116608.48985546488
2017-05-31,1,defensive,0.002397927199771099,0.0,0.0,116888.10852501355
2017-06-01,1,defensive,0.0018919164430562631,0.0,0.0,117109.25105952976
2017-06-02,1,defensive,0.008797461016076546,0.0,0.0,118139.5151303479
2017-06-05,1,defensive,-0.002956054898642935,0.0,0.0,117790.28823792355
2017-06-06,1,defensive,0.005460365684281853,0.0,0.0,118433.46628575957
2017-06-07,1,defensive,-0.0036039789736508456,0.0,0.0,118006.6345634891
2017-06-08,1,defensive,-0.003182551055773819,0.0,0.0,117631.07242407076
2017-06-09,1,defensive,-0.0038033446316076414,0.0,0.0,117183.68091625642
2017-06-12,1,defensive,-0.0006498209103300012,0.0,0.0,117107.53251004759
2017-06-13,1,defensive,0.001357527685412263,0.0,0.0,117266.50922760031
2017-06-14,1,defensive,0.005821566743704342,0.0,0.0,117949.18403787
2017-06-15,1,defensive,-0.0024288318638207244,0.0,0.0,117662.70530136718
2017-06-16,1,defensive,0.0010855820240233793,0.0,0.0,117790.43781914031
2017-06-19,1,defensive,-0.0013349687935216845,0.0,0.0,117633.19126047651
2017-06-20,1,defensive,0.0024959248768429256,0.0,0.0,117926.79486888598
2017-06-21,1,defensive,0.0018351551612208806,0.0,0.0,118143.20883513583
2017-06-22,1,defensive,0.0020192851184023027,0.0,0.0,118381.77365857689
2017-06-23,1,defensive,0.0012905719433901953,0.0,0.0,118534.55385426943
2017-06-26,1,defensive,-0.0006777576796169306,0.0,0.0,118454.21615009473
2017-06-27,1,defensive,-0.00581125733598612,0.0,0.0,117765.84821751401
2017-06-28,1,defensive,0.00036226988196195195,0.0,0.0,117808.51123744692
2017-06-29,1,defensive,-0.007411852628113591,0.0,0.0,116935.33191381748
2017-06-30,1,defensive,-0.0015441400157766294,0.0,0.0,116754.76738855123
2017-07-03,1,defensive,-0.006176518994139313,0.0,0.0,116033.62935011953
2017-07-05,1,defensive,0.0016939193126892958,0.0,0.0,116230.18095579713
2017-07-06,3,rebound,-0.006094394158271266,0.0,0.0,115521.8284199653
2017-07-07,3,rebound,-0.0011989094279620909,0.0006,0.6,115383.32821073718
2017-07-10,3,rebound,0.0013065151359772376,0.0,0.0,115534.07827548395
2017-07-11,3,rebound,0.00040099347495567975,0.0,0.0,115580.40668700742
2017-07-12,3,rebound,0.006537977636750326,0.0,0.0,116336.06880117358
2017-07-13,3,rebound,-0.001409563827083915,0.0,0.0,116172.0856868063
2017-07-14,3,rebound,0.004337896903167393,0.0,0.0,116676.02821754159
2017-07-17,3,rebound,0.0016565080972914758,0.0,0.0,116869.30300304377
2017-07-18,3,rebound,0.004282825168175108,0.0,0.0,117369.83379533228
2017-07-19,3,rebound,0.0027766339788771965,0.0,0.0,117695.72686394358
2017-07-20,3,rebound,0.00135911872331671,0.0,0.0,117855.68932997872
2017-07-21,1,defensive,0.0025504122708735477,0.0,0.0,118156.26992623815
2017-07-24,3,rebound,-0.002472027413247479,0.0006,0.6,117864.18438793342
2017-07-25,3,rebound,-0.003944173006192108,0.0006,0.6,117399.30765347369
2017-07-26,3,rebound,0.002120163215870141,0.0,0.0,117648.21334712919
2017-07-27,3,rebound,-0.002093341228065082,0.0,0.0,117401.93549172144
2017-07-28,3,rebound,0.002694273099182476,0.0,0.0,117718.24836830875
2017-07-31,3,rebound,0.00017927416636761558,0.0,0.0,117739.35220915124
2017-08-01,3,rebound,0.0030550392688102335,0.0,0.0,118099.05055363447
2017-08-02,3,rebound,-3.4550751780271878e-06,0.0,0.0,118098.64251253635
2017-08-03,3,rebound,0.0024489871521934823,0.0,0.0,118387.86457074105
2017-08-04,3,rebound,-0.0031955009425439274,0.0,0.0,118009.55603791946
2017-08-07,3,rebound,0.001031731317177198,0.0,0.0,118131.31019260998
2017-08-08,3,rebound,-0.0017241861263463717,0.0,0.0,117927.62982648877
2017-08-09,3,rebound,0.004036244835574421,0.0,0.0,118403.61461334745
2017-08-10,3,rebound,-0.0030120430214176765,0.0,0.0,118046.9778322407
2017-08-11,3,rebound,0.001830164549162161,0.0,0.0,118263.02322620498
2017-08-14,3,rebound,0.001997114305003711,0.0,0.0,118499.20800164303
2017-08-15,3,rebound,-0.002867009633213735,0.0,0.0,118159.46963077411
2017-08-16,3,rebound,0.0034454540467503177,0.0,0.0,118566.58265357533
2017-08-17,3,rebound,-0.004534821415622847,0.0,0.0,118028.90437538068
2017-08-18,3,rebound,-0.001162705375606754,0.0,0.0,117891.67153378646
2017-08-21,3,rebound,0.0018779965919896616,0.0,0.0,118113.07169115088
2017-08-22,3,rebound,0.0031742265651779735,0.0,0.0,118487.9893410077
2017-08-23,3,rebound,0.0010007259331242246,0.0,0.0,118606.56334470499
2017-08-24,3,rebound,-0.0028925248944517974,0.0,0.0,118263.49090758506
2017-08-25,3,rebound,0.003062969100891966,0.0,0.0,118625.7283259986
2017-08-28,3,rebound,0.0030094140509552506,0.0,0.0,118982.72225962767
2017-08-29,3,rebound,0.001106041078030584,0.0,0.0,119114.32203802273
2017-08-30,3,rebound,0.0021783946620624107,0.0,0.0,119373.80004132554
2017-08-31,3,rebound,0.006249281024389308,0.0,0.0,120119.80046473302
2017-09-01,3,rebound,-0.001206013839200426,0.0,0.0,119974.93432301056
2017-09-05,3,rebound,0.00338746726369592,0.0,0.0,120381.34548549385
2017-09-06,3,rebound,-0.0011536730746809388,0.0,0.0,120242.46476851337
2017-09-07,3,rebound,0.005092110715925957,0.0,0.0,120854.75271187045
2017-09-08,3,rebound,-0.0014868505825934464,0.0,0.0,120675.05975239161
2017-09-11,3,rebound,-0.0010302678041358426,0.0,0.0,120550.73212356654
2017-09-12,3,rebound,0.0006946821776270818,0.0,0.0,120634.47656867268
2017-09-13,3,rebound,-0.0024443160444097556,0.0,0.0,120339.6077820869
2017-09-14,3,rebound,0.0019510246318413583,0.0,0.0,120574.39332105586
2017-09-15,3,rebound,-0.00020729867563142892,0.0,0.0,120549.39840900534
2017-09-18,3,rebound,-0.002527035997069782,0.0,0.0,120244.76573980067
2017-09-19,3,rebound,0.00018149114217080886,0.0,0.0,120266.58909967486
2017-09-20,3,rebound,-0.0012102616192112949,0.0,0.0,120121.03506281406
2017-09-21,3,rebound,-0.0030272250346590314,0.0,0.0,119757.40165828278
2017-09-22,3,rebound,0.0018713680579394154,0.0,0.0,119981.5118344479
2017-09-25,3,rebound,0.002949100977822783,0.0,0.0,120335.34942831953
2017-09-26,3,rebound,-0.0024744183091375384,0.0,0.0,120037.58943645764
2017-09-27,3,rebound,-0.004457381516738956,0.0,0.0,119502.53610398968
2017-09-28,3,rebound,8.817470053086314e-05,0.0,0.0,119513.07320432331
2017-09-29,3,rebound,0.0014011953540351342,0.0,0.0,119680.53436724369
2017-10-02,3,rebound,0.0002877251750945441,0.0,0.0,119714.96946994991
2017-10-03,3,rebound,0.0014587740595378264,0.0,0.0,119889.60656195102
2017-10-04,3,rebound,0.0011802616832857105,0.0,0.0,120031.1076708003
2017-10-05,3,rebound,0.0007564131866908187,0.0,0.0,120121.9007834556
2017-10-06,3,rebound,-0.00047074086501250876,0.0,0.0,120065.35449597384
2017-10-09,3,rebound,0.0017561186331942035,0.0,0.0,120276.20350220529
2017-10-10,3,rebound,0.0023275371652602185,0.0,0.0,120556.15083595309
2017-10-11,3,rebound,0.002002415570105276,0.0,0.0,120797.55434945895
2017-10-12,3,rebound,0.0006957077848151028,0.0,0.0,120881.5941484065
2017-10-13,3,rebound,0.004283373584668171,0.0,0.0,121399.37517565435
2017-10-16,3,rebound,-0.0009209312054179077,0.0,0.0,121287.57470273685
2017-10-17,3,rebound,-0.0006317437827069174,0.0,0.0,121210.9520314988
2017-10-18,3,rebound,-0.0022415061131247026,0.0,0.0,120939.25694154255
2017-10-19,3,rebound,0.001848066219987632,0.0,0.0,121162.76069696661
2017-10-20,3,rebound,-0.0018786750200663893,0.0,0.0,120935.13524508294
2017-10-23,3,rebound,-0.0010997996571629476,0.0,0.0,120802.13082480147
2017-10-24,3,rebound,-0.0017530630663002535,0.0,0.0,120590.35707092214
2017-10-25,3,rebound,-0.0038761732343501666,0.0,0.0,120122.92795652311
2017-10-26,3,rebound,-0.002036019296317393,0.0,0.0,119878.3553572735
2017-10-27,3,rebound,0.007020328617751769,0.0,0.0,120719.94080603716
2017-10-30,3,rebound,0.0013902920018831642,0.0,0.0,120887.7767742076
2017-10-31,3,rebound,0.00011597567588155216,0.0,0.0,120901.79681582478
2017-11-01,1,defensive,0.0027258903321727202,0.0,0.0,121231.36185490734
2017-11-02,3,rebound,0.0018803634394316988,0.0006,0.6,121459.32087545184
2017-11-03,3,rebound,0.0009429889882684787,0.0006,0.6,121573.85567755994
2017-11-06,3,rebound,0.003603890740293547,0.0,0.0,122011.99457029808
2017-11-07,3,rebound,0.00018962299626300565,0.0,0.0,122035.13085028852
2017-11-08,3,rebound,0.0008802392528172609,0.0,0.0,122142.55096268565
2017-11-09,3,rebound,-0.0018465697418156512,0.0,0.0,121917.00622388977
2017-11-10,3,rebound,-0.00631621380233256,0.0,0.0,121146.95234643937
2017-11-13,3,rebound,0.0013906435352782464,0.0,0.0,121315.42457253861
2017-11-14,3,rebound,0.0012773140688104646,0.0,0.0,121470.38247110884
2017-11-15,3,rebound,0.0005093864174827156,0.0,0.0,121532.25783406607
2017-11-16,3,rebound,0.0016265474865354344,0.0,0.0,121729.93582257902
2017-11-17,3,rebound,0.0031596618914189636,0.0,0.0,122114.56126184251
2017-11-20,3,rebound,-0.001788552956436529,0.0,0.0,121896.1529022737
2017-11-21,3,rebound,0.004550868167358946,0.0,0.0,122450.88622424017
2017-11-22,3,rebound,0.0023716714033039875,0.0,0.0,122741.29948940742
2017-11-24,3,rebound,-0.00017645639528618418,0.0,0.0,122719.64100214679
2017-11-27,3,rebound,0.00015815634232543298,0.0,0.0,122739.04989169916
2017-11-28,3,rebound,0.005442786167970559,0.0,0.0,123407.09229471958
2017-11-29,3,rebound,-0.004516056787078438,0.0,0.0,122849.7788579884
2017-11-30,3,rebound,0.0018335650711560623,0.0,0.0,123075.03192150166
2017-12-01,3,rebound,0.0038197941126817845,0.0,0.0,123545.15320385355
2017-12-04,3,rebound,-0.0011370941972750571,0.0,0.0,123404.670727044
2017-12-05,3,rebound,-0.0017249976219231747,0.0,0.0,123191.79796350564
2017-12-06,3,rebound,0.0007168337667661008,0.0,0.0,123280.10600407449
2017-12-07,3,rebound,-0.0034049249734108386,0.0,0.0,122860.34649241649
2017-12-08,3,rebound,0.002733422088499271,0.0,0.0,123196.17567731954
2017-12-11,3,rebound,9.74254690301545e-05,0.0,0.0,123208.17812251762
2017-12-12,3,rebound,0.0010010953556056968,0.0,0.0,123331.52125740872
2017-12-13,3,rebound,0.0039256123403936805,0.0,0.0,123815.67299921632
2017-12-14,3,rebound,-0.0011736896835956136,0.0,0.0,123670.3518211497
2017-12-15,3,rebound,0.005710223724071306,0.0,0.0,124376.53719808308
2017-12-18,3,rebound,0.0013588676581445139,0.0,0.0,124545.54845191355
2017-12-19,3,rebound,-0.005662066316471869,0.0,0.0,123840.36329715747
2017-12-20,3,rebound,-0.003049787484870758,0.0,0.0,123462.67650705193
2017-12-21,3,rebound,0.0030613457052655947,0.0,0.0,123840.63844153739
2017-12-22,3,rebound,0.001325892708069687,0.0,0.0,124004.83784100974
2017-12-26,3,rebound,0.0016641650474926383,0.0,0.0,124211.20235786473
2017-12-27,3,rebound,0.0049063023567289974,0.0,0.0,124820.62007272527
2017-12-28,3,rebound,0.001782898937846822,0.0,0.0,125043.16262367432
2017-12-29,3,rebound,-0.0001091378914995667,0.0,0.0,125029.51567655914
2018-01-02,3,rebound,0.002765140313503478,0.0,0.0,125375.2398307342
2018-01-03,3,rebound,0.004069378843178683,0.0,0.0,125885.43917915985
2018-01-04,3,rebound,0.0030855890133679844,0.0,0.0,126273.86990723408
2018-01-05,3,rebound,0.0022680182816708474,0.0,0.0,126560.26135268102
2018-01-08,3,rebound,0.0006914914505634418,0.0,0.0,126647.77669138745
2018-01-09,3,rebound,-0.0038057814047488423,0.0,0.0,126165.78293790256
2018-01-10,3,rebound,-0.0006469604390193617,0.0,0.0,126084.15866758385
2018-01-11,3,rebound,0.00553970741814016,0.0,0.0,126782.62801666462
2018-01-12,3,rebound,0.006189726044560162,0.0,0.0,127567.37775129716
2018-01-16,3,rebound,-0.00012558154626092223,0.0,0.0,127551.3576427467
2018-01-17,3,rebound,0.0027382282445122864,0.0,0.0,127900.62237286997
2018-01-18,3,rebound,-0.004071309082924756,0.0,0.0,127379.89940729158
2018-01-19,3,rebound,0.0015884227636363993,0.0,0.0,127582.23253913985
2018-01-22,3,rebound,0.004722003002691389,0.0,0.0,128184.67622427974
2018-01-23,3,rebound,0.0033466315677397997,0.0,0.0,128613.66310823242
2018-01-24,3,rebound,0.0006168115257716544,0.0,0.0,128692.9934980093
2018-01-25,3,rebound,0.0013395281833735284,0.0,0.0,128865.38138980257
2018-01-26,3,rebound,0.004832465567946998,0.0,0.0,129488.11890826914
2018-01-29,3,rebound,-0.006526751022879796,0.0,0.0,128642.98219573383
2018-01-30,3,rebound,-0.007752156244095688,0.0,0.0,127645.7216980461
2018-01-31,3,rebound,0.0033593052229603294,0.0,0.0,128074.52263763487
2018-02-01,3,rebound,-0.004257281586117556,0.0,0.0,127529.27333075888
2018-02-02,3,rebound,-0.016292173927625477,0.0,0.0,125451.54422879046
2018-02-05,3,rebound,-0.01756999990359016,0.0,0.0,123247.36060878535
2018-02-06,3,rebound,0.0058876634088935505,0.0,0.0,123972.9995840844
2018-02-07,3,rebound,-0.006504246202612551,0.0,0.0,123166.64867231312
2018-02-08,3,rebound,-0.018778264284980927,0.0,0.0,120853.79279244904
2018-02-09,3,rebound,0.0052787061891658715,0.0,0.0,121491.7444564467
2018-02-12,3,rebound,0.009627044919387128,0.0,0.0,122661.35093766362
2018-02-13,3,rebound,0.003718434857743236,0.0,0.0,123117.4591806881
2018-02-14,3,rebound,0.006830733182145266,0.0,0.0,123958.44169441506
2018-02-15,3,rebound,0.00763388366172113,0.0,0.0,124904.72601719847
2018-02-16,3,rebound,0.0011180871546680568,0.0,0.0,125044.38038691563
2018-02-20,3,rebound,-0.007132838218096249,0.0,0.0,124152.45905153367
2018-02-21,3,rebound,-0.007086684829827849,0.0,0.0,123272.62970338734
2018-02-22,3,rebound,0.002566228165455575,0.0,0.0,123588.97539776194
2018-02-23,3,rebound,0.01038084680804181,0.0,0.0,124871.93361852896
2018-02-26,3,rebound,0.006399296489454476,0.0,0.0,125671.02614496539
2018-02-27,3,rebound,-0.00876274011952144,0.0,0.0,124569.80360230348
2018-02-28,3,rebound,-0.0033660803751407228,0.0,0.0,124150.49163106261
2018-03-01,3,rebound,-0.005670239894513896,0.0,0.0,123446.52856049265
2018-03-02,3,rebound,0.0012128638502126757,0.0,0.0,123596.25239241791
2018-03-05,3,rebound,0.004633013051406987,0.0,0.0,124168.87544285698
2018-03-06,3,rebound,0.003704153788776909,0.0,0.0,124628.81605327681
2018-03-07,3,rebound,-0.0017938572799345966,0.0,0.0,124405.24974431
2018-03-08,3,rebound,0.0036711048563120795,0.0,0.0,124861.95446079705
2018-03-09,3,rebound,0.006920762043474071,0.0,0.0,125726.09433590331
2018-03-12,3,rebound,0.0011026628155870188,0.0,0.0,125864.7278250765
2018-03-13,3,rebound,-0.001331129993458069,0.0,0.0,125697.18551075009
2018-03-14,3,rebound,-5.024183901304317e-05,0.0,0.0,125690.87025299126
2018-03-15,3,rebound,-0.0018178257527350806,0.0,0.0,125462.3861521617
2018-03-16,3,rebound,-0.001010823267967087,0.0,0.0,125335.56585298442
2018-03-19,3,rebound,-0.007283410967378989,0.0,0.0,124422.69541804816
2018-03-20,3,rebound,-0.0012524982952062946,0.0,0.0,124266.85620415208
2018-03-21,3,rebound,0.0028598371790134695,0.0,0.0,124622.23917964382
2018-03-22,3,rebound,-0.010316461255352693,0.0,0.0,123336.57867759171
2018-03-23,3,rebound,-0.00829410001421511,0.0,0.0,122313.61275862865
2018-03-26,3,rebound,0.01358107387014611,0.0,0.0,123974.76296882801
2018-03-27,3,rebound,-0.006529561497965464,0.0,0.0,123165.26212982737
2018-03-28,3,rebound,-0.0034450741954677234,0.0,0.0,122740.94866348588
2018-03-29,3,rebound,0.007943362419580581,0.0,0.0,123715.92450244309
2018-04-02,3,rebound,-0.007863250409781909,0.0,0.0,122743.11520840271
2018-04-03,3,rebound,0.0025860892803512446,0.0,0.0,123060.53986288008
2018-04-04,3,rebound,0.004967113750004126,0.0,0.0,123671.79556251591
2018-04-05,3,rebound,0.0006804011366330798,0.0,0.0,123755.9419927861
2018-04-06,3,rebound,-0.006924174227609759,0.0,0.0,122899.03428872608
2018-04-09,3,rebound,0.0036402751616507524,0.0,0.0,123346.42059063818
2018-04-10,3,rebound,0.00787911888462911,0.0,0.0,124318.2817024653
2018-04-11,3,rebound,1.910969008400796e-06,0.0,0.0,124318.5192708488
2018-04-12,3,rebound,-0.00040974130940478774,0.0,0.0,124267.5808379795
2018-04-13,3,rebound,0.000540699836272296,0.0,0.0,124334.77229859255
2018-04-16,3,rebound,0.00449267144361305,0.0,0.0,124893.36757954658
2018-04-17,3,rebound,0.006355829121557277,0.0,0.0,125687.16848229805
2018-04-18,3,rebound,-0.001872999543486198,0.0,0.0,125451.75647310862
2018-04-19,3,rebound,-0.005608704805569143,0.0,0.0,124748.13460371079
2018-04-20,3,rebound,-0.007922319567598656,0.0,0.0,123759.84001591838
2018-04-23,3,rebound,-0.0015942543093153906,0.0,0.0,123562.53535765283
2018-04-24,3,rebound,-0.007129560712531635,0.0,0.0,122681.5887600261
2018-04-25,3,rebound,-0.0020728337709778554,0.0,0.0,122427.2902197671
2018-04-26,3,rebound,0.006480786682221074,0.0,0.0,123220.71537176378
2018-04-27,3,rebound,0.003631597652939389,0.0,0.0,123668.20343250138
2018-04-30,3,rebound,-0.004765452027065497,0.0,0.0,123078.86854177041
2018-05-01,3,rebound,-0.0016048109484755547,0.0,0.0,122881.3502260086
2018-05-02,3,rebound,-0.003785189708404035,0.0,0.0,122416.22100377831
2018-05-03,3,rebound,0.0012615540250266565,0.0,0.0,122570.65568011419
2018-05-04,3,rebound,0.00734609685584613,0.0,0.0,123471.07158842485
2018-05-07,3,rebound,0.0012608365280916023,0.0,0.0,123626.74842564613
2018-05-08,3,rebound,-0.00024574602280854615,0.0,0.0,123596.36764390778
2018-05-09,3,rebound,0.0026207846992353677,0.0,0.0,123920.28711311001
2018-05-10,3,rebound,0.008458408801311634,0.0,0.0,124968.4555602886
2018-05-11,3,rebound,0.001994878902211128,0.0,0.0,125217.7524957277
2018-05-14,3,rebound,-0.002162946264374954,0.0,0.0,124946.91322573363
2018-05-15,3,rebound,-0.010087382560898183,0.0,0.0,123686.5259122223
2018-05-16,3,rebound,0.0006409266065376285,0.0,0.0,123765.79989754967
2018-05-17,3,rebound,-0.0018234017834778849,0.0,0.0,123540.12511728292
2018-05-18,3,rebound,0.0014130747989322342,0.0,0.0,123714.6965547431
2018-05-21,3,rebound,0.004027478945547447,0.0,0.0,124212.95489037212
2018-05-22,3,rebound,-0.00196487244041853,0.0,0.0,123968.89227856506
2018-05-23,3,rebound,0.003765742643195291,0.0,0.0,124435.72722264816
2018-05-24,1,defensive,0.0030803492081758702,0.0,0.0,124819.03271646723
2018-05-25,1,defensive,0.0011135025355813906,0.0006,0.6,124958.01902588583
2018-05-29,1,defensive,0.008602407721051942,0.0,0.0,126032.95885356147
2018-05-30,1,defensive,-0.0002466350544997775,0.0,0.0,126001.87470788586
2018-05-31,1,defensive,-0.002705528830056436,0.0,0.0,125660.97300322252
2018-06-01,1,defensive,-0.002164501970432475,0.0,0.0,125388.97957955058
2018-06-04,1,defensive,-0.002959624442517805,0.0,0.0,125017.87529076455
2018-06-05,1,defensive,0.0024943710726201386,0.0,0.0,125329.71626245028
2018-06-06,1,defensive,-0.002208509984810514,0.0,0.0,125052.9243326912
2018-06-07,1,defensive,0.004674570376742726,0.0,0.0,125637.49302830185
2018-06-08,1,defensive,-0.0005440781776314685,0.0,0.0,125569.13641005283
2018-06-11,1,defensive,-0.00011766860331782205,0.0,0.0,125554.36086515164
2018-06-12,1,defensive,-0.0006136363922136455,0.0,0.0,125477.31614012366
2018-06-13,1,defensive,1.3920005625445153e-05,0.0,0.0,125479.0627850702
2018-06-14,1,defensive,0.0051161919603764485,0.0,0.0,126121.03775728673
2018-06-15,1,defensive,-0.004758238482419852,0.0,0.0,125520.9237819873
2018-06-18,1,defensive,-0.001436747728389809,0.0,0.0,125340.58187987813
2018-06-19,1,defensive,0.0013755927306067228,0.0,0.0,125512.9994731621
2018-06-20,1,defensive,-0.005380961984501453,0.0,0.0,124837.61879443626
2018-06-21,1,defensive,0.0008492030754498781,0.0,0.0,124943.63128424835
2018-06-22,1,defensive,0.001047899688863152,0.0,0.0,125074.55967659655
2018-06-25,1,defensive,-0.0027244571449169808,0.0,0.0,124733.79939883831
2018-06-26,1,defensive,-0.0004299575980026393,0.0,0.0,124680.16915405904
2018-06-27,1,defensive,0.001344457038258506,0.0,0.0,124847.79628500948
2018-06-28,1,defensive,0.00035562977142384895,0.0,0.0,124892.19587826508
2018-06-29,1,defensive,-0.00034006710094195433,0.0,0.0,124849.72415128248
2018-07-02,1,defensive,-0.0029724521996562277,0.0,0.0,124478.61431410252
2018-07-03,1,defensive,0.005011349538745646,0.0,0.0,125102.42016052919
2018-07-05,1,defensive,0.0040772435885232826,0.0,0.0,125612.49320103745
2018-07-06,1,defensive,0.002847549977125352,0.0,0.0,125970.18105317872
2018-07-09,1,defensive,-0.0006851126602975709,0.0,0.0,125883.8772873192
2018-07-10,1,defensive,0.000124559741652175,0.0,0.0,125899.55735055228
2018-07-11,1,defensive,-0.002789691651167603,0.0,0.0,125548.33640652573
2018-07-12,1,defensive,0.0030219378746368488,0.0,0.0,125927.73567941027
2018-07-13,1,defensive,0.00010303587436188977,0.0,0.0,125940.71075376241
2018-07-16,1,defensive,-0.0024095840614473006,0.0,0.0,125637.2460244428
2018-07-17,1,defensive,-0.0033730876582125035,0.0,0.0,125213.46058046594
2018-07-18,1,defensive,-0.001510449806298131,0.0,0.0,125024.33193318624
2018-07-19,1,defensive,0.0011249363862840145,0.0,0.0,125164.97635334873
2018-07-20,1,defensive,-0.004420108917184217,0.0,0.0,124611.73352525015
2018-07-23,1,defensive,-0.00723885003014082,0.0,0.0,123709.687874265
2018-07-24,1,defensive,0.0028286801405483122,0.0,0.0,124059.62301154836
2018-07-25,1,defensive,0.0025654117576977995,0.0,0.0,124377.88702707776
2018-07-26,1,defensive,-0.003774129273712945,0.0,0.0,123908.4688026463
2018-07-27,1,defensive,-0.0003610786403652534,0.0,0.0,123863.7281012013
2018-07-30,1,defensive,-0.003227028348321892,0.0,0.0,123464.0163392899
2018-07-31,1,defensive,0.004598028318702907,0.0,0.0,124031.70738275873
2018-08-01,1,defensive,-0.006606149396341155,0.0,0.0,123212.33539390494
2018-08-02,1,defensive,0.00019166975952941158,0.0,0.0,123235.95147260095
2018-08-03,1,defensive,0.004391283455364436,0.0,0.0,123777.1154674087
2018-08-06,3,rebound,-0.0005129357871748506,0.0,0.0,123713.6257552522
2018-08-07,3,rebound,-5.336874878796244e-05,0.0006,0.6,123707.02331383762
2018-08-08,3,rebound,0.0006518519930380662,0.0,0.0,123787.66198353756
2018-08-09,3,rebound,0.0015463590343966272,0.0,0.0,123979.08215299265
2018-08-10,3,rebound,-0.0012583072301809663,0.0,0.0,123823.07837752835
2018-08-13,3,rebound,-0.005510104351769807,0.0,0.0,123140.8002945108
2018-08-14,1,defensive,0.0027125144274469325,0.0,0.0,123474.82149191701
2018-08-15,1,defensive,-0.004168456666641029,0.0006,0.6,122960.12204910674
2018-08-16,1,defensive,0.0013341438323746793,0.0,0.0,123124.16853756658
2018-08-17,3,rebound,0.004106114670124383,0.0,0.0,123629.73049224555
2018-08-20,3,rebound,0.0034773917634339574,0.0006,0.6,124059.63949877484
2018-08-21,3,rebound,0.0007485004512930328,0.0,0.0,124152.49819492691
2018-08-22,3,rebound,0.0013317334662128033,0.0,0.0,124317.83623168702
2018-08-23,1,defensive,-0.0020855300050623858,0.0,0.0,124058.56765406141
2018-08-24,1,defensive,0.0068276983484554694,0.0006,0.6,124905.60213154477
2018-08-27,1,defensive,-0.00015304070020041296,0.0,0.0,124886.48649073561
2018-08-28,3,rebound,-0.005287628075047212,0.0,0.0,124226.13319857318
2018-08-29,3,rebound,0.0034024086776406346,0.0006,0.6,124648.80127215775
2018-08-30,3,rebound,-0.0023604503250658996,0.0,0.0,124354.57396867582
2018-08-31,3,rebound,-0.000904344871850149,0.0,0.0,124242.11454741613
2018-09-04,1,defensive,-0.0036174025279953393,0.0,0.0,123792.68080816884
2018-09-05,1,defensive,-0.0014351832201625718,0.0006,0.6,123615.01562989401
2018-09-06,3,rebound,0.0018182182074656826,0.0,0.0,123839.77470202844
2018-09-07,3,rebound,-0.004664601423137459,0.0006,0.6,123262.11151271236
2018-09-10,3,rebound,0.0018360683266253727,0.0,0.0,123488.42917153382
2018-09-11,3,rebound,-0.0005108116498387717,0.0,0.0,123425.3498432927
2018-09-12,3,rebound,0.0025070855045251864,0.0,0.0,123734.78774877578
2018-09-13,3,rebound,0.002693056303107033,0.0,0.0,124068.01249883624
2018-09-14,3,rebound,-0.002650492327717391,0.0,0.0,123739.17118359292
2018-09-17,3,rebound,-0.0016030890298170729,0.0,0.0,123540.80627570985
2018-09-18,3,rebound,-0.0007241207780708692,0.0,0.0,123451.34781094598
2018-09-19,3,rebound,-0.00048176084073540113,0.0,0.0,123391.87378583467
2018-09-20,3,rebound,0.00612630935572458,0.0,0.0,124147.81057662923
2018-09-21,3,rebound,-0.001949943028572021,0.0,0.0,123905.72941888285
2018-09-24,3,rebound,-0.002464885437491393,0.0,0.0,123600.31599081651
2018-09-25,3,rebound,-0.0004549192717891004,0.0,0.0,123544.08782507307
2018-09-26,3,rebound,-0.0004438078264797586,0.0,0.0,123489.25799198098
2018-09-27,3,rebound,-0.00016762130187477644,0.0,0.0,123468.55856178883
2018-09-28,1,defensive,0.0005279293708528866,0.0,0.0,123533.74124023046
2018-10-01,1,defensive,-0.004081096676692952,0.0006,0.6,123029.5880993955
2018-10-02,3,rebound,0.006404135331857286,0.0,0.0,123817.4862314067
2018-10-03,3,rebound,-0.006327084723211206,0.0006,0.6,123034.08250580555
2018-10-04,3,rebound,-0.0059185345149963655,0.0,0.0,122305.90104197404
2018-10-05,3,rebound,-0.004812642494768583,0.0,0.0,121717.28646525848
2018-10-08,3,rebound,-0.0032229747713971918,0.0,0.0,121324.99472173804
2018-10-09,3,rebound,0.002412659460456601,0.0,0.0,121617.71061804327
2018-10-10,3,rebound,-0.016151899660572223,0.0,0.0,119653.35355919214
2018-10-11,3,rebound,-0.0022268050373371656,0.0,0.0,119386.90886875223
2018-10-12,3,rebound,0.004949252352209365,0.0,0.0,119977.7848082939
2018-10-15,3,rebound,-0.0016030144288928573,0.0,0.0,119785.4586880996
2018-10-16,3,rebound,0.011269825682733868,0.0,0.0,121135.4199268408
2018-10-17,3,rebound,-0.0017068909746879245,0.0,0.0,120928.65497185265
2018-10-18,3,rebound,-0.0071015101913116324,0.0,0.0,120069.87889614844
2018-10-19,3,rebound,-0.0007741200397342385,0.0,0.0,119976.93039672647
2018-10-22,3,rebound,-0.003157188228857755,0.0,0.0,119598.14064434344
2018-10-23,3,rebound,-0.00041899919746727363,0.0,0.0,119548.02911939488
2018-10-24,3,rebound,-0.012420394198530605,0.0,0.0,118063.19547207457
2018-10-25,3,rebound,0.0072696305144388405,0.0,0.0,118921.47128051054
2018-10-26,3,rebound,-0.006346900897325058,0.0,0.0,118166.68848772904
2018-10-29,3,rebound,-0.004236121024404271,0.0,0.0,117666.12009424194
2018-10-30,3,rebound,0.005041725706839528,0.0,0.0,118259.36039674513
2018-10-31,3,rebound,0.0026937225073055296,0.0,0.0,118577.91829754543
2018-11-01,3,rebound,0.008169526797722515,0.0,0.0,119546.64377869538
2018-11-02,3,rebound,-0.006657296487989705,0.0,0.0,118750.78632691651
2018-11-05,3,rebound,0.00345709431380421,0.0,0.0,119161.31899508706
2018-11-06,3,rebound,0.002410122652911384,0.0,0.0,119448.51238934793
2018-11-07,3,rebound,0.011087454521175988,0.0,0.0,120772.89233808697
2018-11-08,3,rebound,-0.0013648896035258872,0.0,0.0,120608.05067294695
2018-11-09,3,rebound,-0.004890019926395905,0.0,0.0,120018.27490187247
2018-11-12,3,rebound,-0.008816498405144813,0.0,0.0,118960.13397261187
2018-11-13,3,rebound,-0.0010494165582925375,0.0,0.0,118835.29523824432
2018-11-14,3,rebound,-0.0015806291607229795,0.0,0.0,118647.46070526761
2018-11-15,0,aggressive,0.005313669850977997,0.0,0.0,119277.91414011229
2018-11-16,3,rebound,0.003318451750492013,0.00039999999999999996,0.39999999999999997,119673.73214308558
2018-11-19,3,rebound,-0.007933652725406769,0.00039999999999999996,0.39999999999999997,118724.28231190899
2018-11-20,3,rebound,-0.009148877558508716,0.0,0.0,117638.08838981552
2018-11-21,3,rebound,0.0019281763340503355,0.0,0.0,117864.91536783168
2018-11-23,3,rebound,-0.0031820485706547832,0.0,0.0,117489.86348235513
2018-11-26,3,rebound,0.007170345013657509,0.0,0.0,118332.30633913114
2018-11-27,3,rebound,0.0008282201658760479,0.0,0.0,118430.31154151584
2018-11-28,3,rebound,0.010800112240757775,0.0,0.0,119709.37219887212
2018-11-29,3,rebound,0.0007109289526877727,0.0,0.0,119794.47705747638
2018-11-30,3,rebound,0.003825003440552743,0.0,0.0,120252.69134438045
2018-12-03,3,rebound,0.010256720020617527,0.0,0.0,121486.0895312255
2018-12-04,3,rebound,-0.009958979421435067,0.0,0.0,120276.2120655934
2018-12-06,3,rebound,0.0002178413011566293,0.0,0.0,120302.41319212795
2018-12-07,3,rebound,-0.009437665417607365,0.0,0.0,119167.0392674899
2018-12-10,3,rebound,0.0014956092620360907,0.0,0.0,119345.2665951478
2018-12-11,3,rebound,-0.00017470172047955314,0.0,0.0,119324.41677174253
2018-12-12,3,rebound,0.0016056841003707634,0.0,0.0,119516.01409053891
2018-12-13,3,rebound,-0.0013209419116291365,0.0,0.0,119358.14037841586
2018-12-14,3,rebound,-0.008990353209742829,0.0,0.0,118285.06853795581
2018-12-17,3,rebound,-0.006677969574870836,0.0,0.0,117495.16444909782
2018-12-18,3,rebound,0.0017232559208859466,0.0,0.0,117697.63868691018
2018-12-19,3,rebound,-0.004743474577724072,0.0,0.0,117139.34292994069
2018-12-20,3,rebound,-0.006145492171710898,0.0,0.0,116419.46401496537
2018-12-21,3,rebound,-0.011166583845705335,0.0,0.0,115119.45630877018
2018-12-24,3,rebound,-0.00953055801644015,0.0,0.0,114022.3036515984
2018-12-26,3,rebound,0.02144804262165814,0.0,0.0,116467.85888013753
2018-12-27,3,rebound,0.005409677219633013,0.0,0.0,117097.91240314084
2018-12-28,3,rebound,0.0026920431406946997,0.0,0.0,117413.14503501539
2018-12-31,3,rebound,0.005833081775381621,0.0,0.0,118098.02551150936
2019-01-02,3,rebound,0.002232263900556552,0.0,0.0,118361.65147058571
2019-01-03,3,rebound,-0.006704386259398331,0.0,0.0,117568.10924082661
2019-01-04,3,rebound,0.011658100624173495,0.0,0.0,118938.73008855
2019-01-07,3,rebound,0.0037496528020250605,0.0,0.0,119384.70903109583
2019-01-08,3,rebound,0.003367711450799304,0.0,0.0,119786.7622827502
2019-01-09,3,rebound,0.0031509059327834324,0.0,0.0,120164.19910269584
2019-01-10,3,rebound,-0.0013436035717823479,0.0,0.0,120002.7460555811
2019-01-11,3,rebound,0.0017088184400758878,0.0,0.0,120207.80896090064
2019-01-14,3,rebound,-0.0036905493053938643,0.0,0.0,119764.17611503707
2019-01-15,3,rebound,0.0042908887933791,0.0,0.0,120278.07087617734
2019-01-16,1,defensive,0.002149751494947405,0.0,0.0,120536.6388388528
2019-01-17,1,defensive,0.0006497902280441788,0.0006,0.6,120614.96236889157
2019-01-18,1,defensive,-0.002636855877083865,0.0,0.0,120296.91809650492
2019-01-22,1,defensive,0.0017513451122395773,0.0,0.0,120507.59951603069
2019-01-23,1,defensive,-0.00020909623972832354,0.0,0.0,120482.4018301132
2019-01-24,1,defensive,0.0029189683757011474,0.0,0.0,120834.08615088383
2019-01-25,1,defensive,0.0036830770400134933,0.0,0.0,121279.12739923716
2019-01-28,1,defensive,-0.0009678379411409924,0.0,0.0,121161.7488582717
2019-01-29,3,rebound,0.003946587099961252,0.0,0.0,121639.92425332453
2019-01-30,3,rebound,0.008237503209738596,0.0006,0.6,122641.93351979365
2019-01-31,1,defensive,0.007067522706075491,0.0,0.0,123508.70816966177
2019-02-01,3,rebound,-0.004124793845417151,0.0006,0.6,122999.26021034813
2019-02-04,3,rebound,0.0007110245176901847,0.0006,0.6,123086.71570001544
2019-02-05,1,defensive,0.003982393730440648,0.0,0.0,123576.8954649197
2019-02-06,1,defensive,-0.0026433844291554923,0.0006,0.6,123250.23422364437
2019-02-07,1,defensive,0.0021276654517166757,0.0,0.0,123512.46948891798
2019-02-08,1,defensive,0.003517887569014766,0.0,0.0,123946.97246995136
2019-02-11,1,defensive,-0.0033238854068329492,0.0,0.0,123534.98693693736
2019-02-12,1,defensive,0.0019312144761818866,0.0,0.0,123773.55949202491
2019-02-13,1,defensive,-0.002429727516153002,0.0,0.0,123472.82346875494
2019-02-14,1,defensive,0.004083106839615658,0.0,0.0,123976.97619876686
2019-02-15,1,defensive,0.004748848580367127,0.0,0.0,124565.72408618659
2019-02-19,1,defensive,0.0061843452773537415,0.0,0.0,125336.08153365913
2019-02-20,1,defensive,-0.0015489750803803879,0.0,0.0,125141.93906669097
2019-02-21,1,defensive,-0.008572491671132297,0.0,0.0,124069.16083633242
2019-02-22,1,defensive,0.005298557759441325,0.0,0.0,124726.54845118914
2019-02-25,1,defensive,-0.0015192906474016167,0.0,0.0,124537.05257264456
2019-02-26,1,defensive,0.002834696694116401,0.0,0.0,124890.07734386723
2019-02-27,1,defensive,-0.00787679271022097,0.0,0.0,123906.34409306612
2019-02-28,1,defensive,-0.0037589804271653923,0.0,0.0,123440.58257081865
2019-03-01,1,defensive,-0.008477818355394073,0.0,0.0,122394.07573409921
2019-03-04,1,defensive,0.002403543336229419,0.0,0.0,122688.25519922389
2019-03-05,1,defensive,0.0011682882628363698,0.0,0.0,122831.590447761
2019-03-06,1,defensive,0.00035319057573612866,0.0,0.0,122874.97340790983
2019-03-07,1,defensive,0.0013226436958987176,0.0,0.0,123037.49321687152
2019-03-08,1,defensive,0.004990105351368434,0.0,0.0,123651.46327019199
2019-03-11,1,defensive,-4.5865317902393614e-05,0.0,0.0,123645.79195651998
2019-03-12,1,defensive,0.006076722563274383,0.0,0.0,124397.15313035609
2019-03-13,1,defensive,0.0024797328226369266,0.0,0.0,124705.62483401601
2019-03-14,1,defensive,-0.00720378103028656,0.0,0.0,123807.27281946671
2019-03-15,1,defensive,0.005667448448512835,0.0,0.0,124508.944155722
2019-03-18,1,defensive,0.0006085833433593925,0.0,0.0,124584.71822523442
2019-03-19,1,defensive,-0.00023087612294934176,0.0,0.0,124555.95458851186
2019-03-20,1,defensive,0.006573437601826537,0.0,0.0,125374.71538393537
2019-03-21,1,defensive,0.0021514345802486016,0.0,0.0,125644.45088210121
2019-03-22,1,defensive,0.00462163291206159,0.0,0.0,126225.13341151584
2019-03-25,1,defensive,0.0029494503705018936,0.0,0.0,126597.42817802308
2019-03-26,1,defensive,-0.0003581332289634197,0.0,0.0,126552.08943229124
2019-03-27,1,defensive,0.001986767933732159,0.0,0.0,126803.51906552212
2019-03-28,1,defensive,-0.0017435022751643992,0.0,0.0,126582.43684153252
2019-03-29,1,defensive,0.0010577811192970632,0.0,0.0,126716.33335325812
2019-04-01,1,defensive,-0.005910582757443883,0.0,0.0,125967.36597825382
2019-04-02,1,defensive,0.0021335193474888658,0.0,0.0,126236.11979072065
2019-04-03,1,defensive,-0.004461810968174762,0.0,0.0,125672.87808685859
2019-04-04,1,defensive,0.0027111979591914136,0.0,0.0,126013.60213745339
2019-04-05,1,defensive,0.0012944170669532907,0.0,0.0,126176.71629472838
2019-04-08,1,defensive,-0.00031782566425401235,0.0,0.0,126136.6140960586
2019-04-09,1,defensive,0.002120213477426014,0.0,0.0,126404.05064526197
2019-04-10,1,defensive,0.002817647287847125,0.0,0.0,126760.2126757355
2019-04-11,1,defensive,-0.0068295547713507435,0.0,0.0,125894.49686043849
2019-04-12,1,defensive,-0.002503229069336777,0.0,0.0,125579.35409622791
2019-04-15,1,defensive,0.0005660540099329592,0.0,0.0,125650.43879317888
2019-04-16,1,defensive,-0.005688703292376241,0.0,0.0,124935.6507283276
2019-04-17,1,defensive,-0.0008572466984807071,0.0,0.0,124828.5500542182
2019-04-18,1,defensive,0.003235616520112039,0.0,0.0,125232.44737295524
2019-04-22,1,defensive,-0.0022279511182184963,0.0,0.0,124953.43560179343
2019-04-23,1,defensive,0.0022382002922163085,0.0,0.0,125233.1064178708
2019-04-24,1,defensive,0.004509477483410129,0.0,0.0,125797.84229143971
2019-04-25,1,defensive,-0.000602458450775467,0.0,0.0,125722.05431826191
2019-04-26,1,defensive,0.004623866623274676,0.0,0.0,126303.37632903365
2019-04-29,1,defensive,-0.004211790346432464,0.0,0.0,125771.41298788921
2019-04-30,1,defensive,0.0035813808861745455,0.0,0.0,126221.8483223912
2019-05-01,1,defensive,-0.001420944587065809,0.0,0.0,126042.49407024808
2019-05-02,1,defensive,-0.003958940991969773,0.0,0.0,125543.49927374326
2019-05-03,1,defensive,0.005152708827571661,0.0,0.0,126190.38837069532
2019-05-06,1,defensive,0.0009493546682481035,0.0,0.0,126310.18780498308
2019-05-07,1,defensive,0.0014842101327690704,0.0,0.0,126497.6586655952
2019-05-08,1,defensive,-0.003181246681182781,0.0,0.0,126095.23840878787
2019-05-09,1,defensive,0.00216406458336722,0.0,0.0,126368.11664835956
2019-05-10,1,defensive,0.0008934417773216129,0.0,0.0,126481.01920309466
2019-05-13,1,defensive,0.001965439349919439,0.0,0.0,126729.60997525434
2019-05-14,1,defensive,-0.00017629517022872405,0.0,0.0,126707.26815709073
2019-05-15,1,defensive,0.004071124035657192,0.0,0.0,127223.10916197753
2019-05-16,1,defensive,-0.00196975049392174,0.0,0.0,126972.51137986744
2019-05-17,1,defensive,-0.0023026588299863036,0.0,0.0,126680.13700537306
2019-05-20,1,defensive,-0.002378982011037367,0.0,0.0,126378.76723828152
2019-05-21,1,defensive,0.00031158315637287444,0.0,0.0,126418.14473347615
2019-05-22,1,defensive,0.0019543981992576342,0.0,0.0,126665.21612789674
2019-05-23,1,defensive,0.005500463072445272,0.0,0.0,127361.93347177154
2019-05-24,1,defensive,0.0012060652768889346,0.0,0.0,127515.5402773293
2019-05-28,1,defensive,0.0005773586798172524,0.0,0.0,127589.16248131999
2019-05-29,1,defensive,0.0002725335724701903,0.0,0.0,127623.93481157951
2019-05-30,1,defensive,0.006880846386201167,0.0,0.0,128502.09550222053
2019-05-31,1,defensive,0.007607658910306724,0.0,0.0,129479.69561406107
2019-06-03,1,defensive,0.0071654186606862295,0.0,0.0,130407.47184119403
2019-06-04,1,defensive,-0.0012633571776117342,0.0,0.0,130242.72062562927
2019-06-05,1,defensive,-0.0003263503466046868,0.0,0.0,130200.21586861036
2019-06-06,1,defensive,0.0038938789602527496,0.0,0.0,130707.19974980151
2019-06-07,1,defensive,0.008019291134889773,0.0,0.0,131755.37883802137
2019-06-10,1,defensive,-0.006774443532937047,0.0,0.0,130862.80946392243
2019-06-11,1,defensive,-0.00010091494808547316,0.0,0.0,130849.60345029905
2019-06-12,1,defensive,0.0015874385382485643,0.0,0.0,131057.31915353061
2019-06-13,1,defensive,0.004383023298514165,0.0,0.0,131631.74643682133
2019-06-14,1,defensive,0.0009422756021553736,0.0,0.0,131755.77981995785
2019-06-17,1,defensive,0.0007614735836924957,0.0,0.0,131856.10836578955
2019-06-18,1,defensive,0.0061180606562263986,0.0,0.0,132662.8120346654
2019-06-19,1,defensive,0.0029864453632022277,0.0,0.0,133059.0022745357
2019-06-20,1,defensive,0.010784523993569661,0.0,0.0,134493.98027712587
2019-06-21,1,defensive,-0.0037932405021233856,0.0,0.0,133983.8122638469
2019-06-24,1,defensive,0.007938605103151718,0.0,0.0,135047.4568396244
2019-06-25,1,defensive,0.00016882556055923786,0.0,0.0,135070.25630222744
2019-06-26,1,defensive,-0.006148912354224256,0.0,0.0,134239.72113456245
2019-06-27,1,defensive,0.003939464901364709,0.0,0.0,134768.55380434103
2019-06-28,1,defensive,0.0015036578775593393,0.0,0.0,134971.19960191622
2019-07-01,1,defensive,-0.005164585504216446,0.0,0.0,134274.12930096546
2019-07-02,1,defensive,0.010785278823305355,0.0,0.0,135722.3132242329
2019-07-03,1,defensive,0.005658241628505901,0.0,0.0,136490.26286683537
2019-07-05,1,defensive,-0.010203869121688547,0.0,0.0,135097.5340881573
2019-07-08,1,defensive,-0.0023492293307196934,0.0,0.0,134780.1589985695
2019-07-09,1,defensive,0.0011117909242867262,0.0,0.0,134930.00635611804
2019-07-10,1,defensive,0.0029384497563588957,0.0,0.0,135326.4914004207
2019-07-11,1,defensive,-0.008739491427677493,0.0,0.0,134143.80668888905
2019-07-12,1,defensive,0.003348621405237817,0.0,0.0,134593.00351134755
2019-07-15,1,defensive,0.0029462198905133574,0.0,0.0,134989.54409541664
2019-07-16,1,defensive,-0.004672696774089668,0.0,0.0,134358.77888818615
2019-07-17,1,defensive,0.008977468201589178,0.0,0.0,135564.9805532592
2019-07-18,1,defensive,0.005005524197979194,0.0,0.0,136243.55434381712
2019-07-19,1,defensive,-0.00670358869773573,0.0,0.0,135330.23359277856
2019-07-22,1,defensive,0.001395874494254057,0.0,0.0,135519.13761415216
2019-07-23,1,defensive,-0.002994343660838017,0.0,0.0,135113.346743515
2019-07-24,1,defensive,0.00463780870252013,0.0,0.0,135739.9765988687
2019-07-25,1,defensive,-0.005466523279759094,0.0,0.0,134997.95085679702
2019-07-26,1,defensive,0.0030164251578872706,0.0,0.0,135405.1620720247
2019-07-29,1,defensive,0.0017856352933556694,0.0,0.0,135646.94630832304
2019-07-30,1,defensive,0.0017293673369205508,0.0,0.0,135881.52970662166
2019-07-31,1,defensive,-0.00210175175315791,0.0,0.0,135595.940463339
2019-08-01,1,defensive,0.015395145583722703,0.0,0.0,137683.4597073339
2019-08-02,1,defensive,0.00197147875007464,0.0,0.0,137954.89972238368
2019-08-05,1,defensive,0.006823993147001572,0.0,0.0,138896.3030126845
2019-08-06,1,defensive,0.009239419499183854,0.0,0.0,140179.62422310445
2019-08-07,1,defensive,0.004853784594850818,0.0,0.0,140860.02592367056
2019-08-08,1,defensive,0.00650541221522889,0.0,0.0,141776.37845695185
2019-08-09,1,defensive,-0.0033545332793602943,0.0,0.0,141300.78487719083
2019-08-12,1,defensive,0.010899655389457363,0.0,0.0,142840.91473861205
2019-08-13,1,defensive,-0.00039110783446289995,0.0,0.0,142785.0485377759
2019-08-14,1,defensive,0.007403763005115693,0.0,0.0,143842.19519782354
2019-08-15,1,defensive,0.008084657985018517,0.0,0.0,145005.1101498122
2019-08-16,1,defensive,-0.0029748618160687743,0.0,0.0,144573.73998449268
2019-08-19,1,defensive,-0.008250655392096084,0.0,0.0,143380.91187713412
2019-08-20,1,defensive,0.005978135709596799,0.0,0.0,144238.06242650133
2019-08-21,1,defensive,-0.0026547622859875554,0.0,0.0,143855.14465816756
2019-08-22,1,defensive,-0.004143759134939329,0.0,0.0,143259.04358838225
2019-08-23,1,defensive,0.008956705006518994,0.0,0.0,144542.1725813194
2019-08-26,1,defensive,0.00023189598114293776,0.0,0.0,144575.6913302467
2019-08-27,1,defensive,0.009791184030063627,0.0,0.0,145991.2585303348
2019-08-28,1,defensive,0.0012070543615933854,0.0,0.0,146167.47791569834
2019-08-29,1,defensive,-0.0014890463408999684,0.0,0.0,145949.8277675494
2019-08-30,1,defensive,-0.0007232404993394504,0.0,0.0,145844.2709412363
2019-09-03,1,defensive,0.0036504011501472754,0.0,0.0,146376.66103562256
2019-09-04,1,defensive,0.004890644216510753,0.0,0.0,147092.5372063486
2019-09-05,1,defensive,-0.01368454935129344,0.0,0.0,145079.64212174134
2019-09-06,1,defensive,0.0011551720103513356,0.0,0.0,145247.2340635922
2019-09-09,1,defensive,-0.009902284169393927,0.0,0.0,143808.95467707605
2019-09-10,1,defensive,-0.011378532307606826,0.0,0.0,142172.61984015975
2019-09-11,1,defensive,0.0023530151552139337,0.0,0.0,142507.15416930013
2019-09-12,1,defensive,-0.0019658278412465037,0.0,0.0,142227.0096380573
2019-09-13,1,defensive,-0.013296027502263595,0.0,0.0,140335.955406345
2019-09-16,1,defensive,0.008258335122999828,0.0,0.0,141494.89675589695
2019-09-17,1,defensive,0.003813042227104524,0.0,0.0,142034.42277214697
2019-09-18,1,defensive,0.00035567890561919455,0.0,0.0,142084.94142019883
2019-09-19,1,defensive,0.0027061004545787084,0.0,0.0,142469.43754476483
2019-09-20,1,defensive,0.009206391497391752,0.0,0.0,143781.0669632151
2019-09-23,1,defensive,0.001526140666666953,0.0,0.0,144000.49709660443
2019-09-24,1,defensive,0.0060437115232048425,0.0,0.0,144870.7945602544
2019-09-25,1,defensive,-0.011693940899116528,0.0,0.0,143176.68405065872
2019-09-26,3,rebound,0.0027147740196801773,0.0,0.0,143565.37639274343
2019-09-27,3,rebound,-0.0035855261287206282,0.0006,0.6,143050.61898450763
2019-09-30,1,defensive,-5.081601159664375e-05,0.0,0.0,143043.34972259443
2019-10-01,1,defensive,0.0001681047032528587,0.0006,0.6,143067.39598245185
2019-10-02,1,defensive,0.0011909453840210247,0.0,0.0,143237.78143730105
2019-10-03,1,defensive,0.007558508104211903,0.0,0.0,144320.44536912424
2019-10-04,1,defensive,0.0063984035142723,0.0,0.0,145243.8658139554
2019-10-07,1,defensive,-0.007565241676990598,0.0,0.0,144145.06086697246
2019-10-08,1,defensive,0.0008646826220512602,0.0,0.0,144269.70059615865
2019-10-09,1,defensive,-0.0006502803933618571,0.0,0.0,144175.88483850477
2019-10-10,1,defensive,-0.00871311676994797,0.0,0.0,142919.6635184963
2019-10-11,1,defensive,-0.005776874009177224,0.0,0.0,142094.03462891595
2019-10-14,1,defensive,0.004608228732959407,0.0,0.0,142748.83644207503
2019-10-15,1,defensive,-0.0061552240773431795,0.0,0.0,141870.18536699406
2019-10-16,1,defensive,0.0020058215257032774,0.0,0.0,142154.75163865866
2019-10-17,1,defensive,-0.0001975117026028594,0.0,0.0,142126.6744116294
2019-10-18,1,defensive,-0.0011954819569978902,0.0,0.0,141956.7645367622
2019-10-21,1,defensive,-0.0038366274115680496,0.0,0.0,141412.12932268294
2019-10-22,1,defensive,0.0031501856319144706,0.0,0.0,141857.60378065368
2019-10-23,1,defensive,0.0017903754758517242,0.0,0.0,142111.58215552566
2019-10-24,1,defensive,0.001457989574758667,0.0,0.0,142318.77936076088
2019-10-25,1,defensive,-0.0009241161238479957,0.0,0.0,142187.26028202721
2019-10-28,1,defensive,-0.006000764103144563,0.0,0.0,141334.02807460236
2019-10-29,1,defensive,-0.0005633069701497461,0.0,0.0,141254.4136314686
2019-10-30,1,defensive,0.009577552311385774,0.0,0.0,142607.2851672381
2019-10-31,1,defensive,0.009212040470382866,0.0,0.0,143920.98924957012
2019-11-01,1,defensive,0.0005873906860372814,0.0,0.0,144005.5270981806
2019-11-04,1,defensive,-0.006639967879804731,0.0,0.0,143049.33502373434
2019-11-05,1,defensive,-0.010698411237292916,0.0,0.0,141518.93441042915
2019-11-06,1,defensive,0.004358545985855033,0.0,0.0,142135.7511939262
2019-11-07,1,defensive,-0.013012319184852506,0.0,0.0,140286.23543181206
2019-11-08,1,defensive,-0.003520097155099533,0.0,0.0,139792.41425356892
2019-11-11,1,defensive,-0.0007689036832569162,0.0,0.0,139684.92735135797
2019-11-12,1,defensive,0.0035278661065693663,0.0,0.0,140177.71707215946
2019-11-13,1,defensive,0.004509736154653022,0.0,0.0,140809.88159091648
2019-11-14,3,rebound,0.006716915568239501,0.0,0.0,141755.68967673645
2019-11-15,3,rebound,0.002186868930042663,0.0006,0.6,142065.6907901473
2019-11-18,1,defensive,0.0015062774729547757,0.0,0.0,142279.68113986423
2019-11-19,1,defensive,0.0036600766881075067,0.0006,0.6,142800.4356839956
2019-11-20,1,defensive,0.004581768155478927,0.0,0.0,143454.71417280106
2019-11-21,1,defensive,-0.005094444774101958,0.0,0.0,142723.89205386315
2019-11-22,1,defensive,0.0005236304014003101,0.0,0.0,142798.6266227487
2019-11-25,1,defensive,0.001578346145978582,0.0,0.0,143024.01228472978
2019-11-26,1,defensive,0.004819265547070173,0.0,0.0,143713.28297953733
2019-11-27,1,defensive,-0.00215102431597326,0.0,0.0,143404.15221332
2019-11-29,1,defensive,5.3639422262496744e-05,0.0,0.0,143411.84432919475
2019-12-02,1,defensive,-0.008517830320726637,0.0,0.0,142190.28657321623
2019-12-03,1,defensive,0.012016447769858107,0.0,0.0,143898.90872520444
2019-12-04,1,defensive,-0.004168326634186181,0.0,0.0,143299.09107133484
2019-12-05,1,defensive,-0.001899692693151689,0.0,0.0,143026.86683509135
2019-12-06,1,defensive,-0.003918974162262834,0.0,0.0,142466.3482394552
2019-12-09,1,defensive,0.00036816497565169695,0.0,0.0,142518.79935908597
2019-12-10,1,defensive,0.0006635362213268657,0.0,0.0,142613.36574468072
2019-12-11,1,defensive,0.006563820186975988,0.0,0.0,143549.45423368824
2019-12-12,1,defensive,-0.007563335712401709,0.0,0.0,142463.74151998683
2019-12-13,1,defensive,0.007247302499715036,0.0,0.0,143496.2193500234
2019-12-16,1,defensive,-0.0031428139868263536,0.0,0.0,143045.23742479342
2019-12-17,1,defensive,-0.0007101204073728162,0.0,0.0,142943.6580825206
2019-12-18,1,defensive,-0.004071901888122919,0.0,0.0,142361.60553127917
2019-12-19,1,defensive,0.0023965747332545416,0.0,0.0,142702.785758081
2019-12-20,1,defensive,0.0018376199567947892,0.0,0.0,142965.01924508027
2019-12-23,1,defensive,0.0004984499763574401,0.0,0.0,143036.28015554292
2019-12-24,1,defensive,0.004264694739998331,0.0,0.0,143646.28622715117
2019-12-26,1,defensive,0.004627729494381016,0.0,0.0,144311.04238268288
2019-12-27,1,defensive,0.0003919915436680243,0.0,0.0,144367.6110909548
2019-12-30,1,defensive,-0.0022910001026794527,0.0,0.0,144036.86487912183
2019-12-31,1,defensive,-0.0038430175074004144,0.0,0.0,143483.3286856803
2020-01-02,1,defensive,0.0097212387774676,0.0,0.0,144878.16438441965
2020-01-03,1,defensive,0.010166202846038464,0.0,0.0,146351.02519151338
2020-01-06,1,defensive,0.0010705225912552075,0.0,0.0,146507.69727023426
2020-01-07,1,defensive,-0.0018396266425840025,0.0,0.0,146238.17780699232
2020-01-08,1,defensive,-0.004490099475292697,0.0,0.0,145581.55384155337
2020-01-09,1,defensive,0.0014157963459067392,0.0,0.0,145787.66767351367
2020-01-10,1,defensive,0.005677522754747355,0.0,0.0,146615.38047409162
2020-01-13,1,defensive,-0.0023672597383105785,0.0,0.0,146268.30378687824
2020-01-14,1,defensive,0.0019996725461012277,0.0,0.0,146560.79249832564
2020-01-15,1,defensive,0.005518132275340171,0.0,0.0,147369.53433771007
2020-01-16,1,defensive,-0.00038239285147686466,0.0,0.0,147313.18128125387
2020-01-17,1,defensive,-0.003098184058912279,0.0,0.0,146856.77793134062
2020-01-21,1,defensive,0.005188916243000196,0.0,0.0,147618.80545174322
2020-01-22,1,defensive,0.0018829575923675179,0.0,0.0,147896.7654022448
2020-01-23,1,defensive,0.00440472513636041,0.0,0.0,148548.21000239847
2020-01-24,1,defensive,0.004019422725846388,0.0,0.0,149145.2880535659
2020-01-27,1,defensive,0.006618912343119954,0.0,0.0,150132.46764158184
2020-01-28,1,defensive,-0.004497934677169291,0.0,0.0,149457.18160920776
2020-01-29,1,defensive,0.0063499059240589295,0.0,0.0,150406.22065210124
2020-01-30,1,defensive,0.0007382438318386032,0.0,0.0,150517.2571167678
2020-01-31,1,defensive,0.002671139852522519,0.0,0.0,150919.3097607448
2020-02-03,1,defensive,-0.0008680703005182974,0.0,0.0,150788.30119016676
2020-02-04,1,defensive,-0.007588089369770146,0.0,0.0,149644.10608481997
2020-02-05,1,defensive,-0.0027887305296817153,0.0,0.0,149226.7889975943
2020-02-06,1,defensive,0.004542930465957262,0.0,0.0,149904.71592366844
2020-02-07,1,defensive,0.0059670329414809545,0.0,0.0,150799.2023016683
2020-02-10,1,defensive,0.003648907627743103,0.0,0.0,151349.45466120442
2020-02-11,1,defensive,-0.0032059514634447117,0.0,0.0,150864.23565554176
2020-02-12,1,defensive,-0.0014882676724295774,0.0,0.0,150639.70929068982
2020-02-13,1,defensive,0.0034130589724937098,0.0,0.0,151153.85150209823
2020-02-14,1,defensive,0.0037623441725207043,0.0,0.0,151722.54431445122
2020-02-18,1,defensive,0.006754475630592993,0.0,0.0,152747.35054263475
2020-02-19,1,defensive,0.002671202680339502,0.0,0.0,153155.369674819
2020-02-20,1,defensive,0.004320501935839149,0.0,0.0,153817.07774598323
2020-02-21,1,defensive,0.0071183240139175655,0.0,0.0,154911.9975442531
2020-02-24,1,defensive,0.003526652549479769,0.0,0.0,155458.31833533754
2020-02-25,1,defensive,-0.008760383702648578,0.0,0.0,154096.4438169515
2020-02-26,1,defensive,-0.0020727258557184823,0.0,0.0,153777.04413357785
2020-02-27,1,defensive,-0.0034993855661234145,0.0,0.0,153238.9189649357
2020-02-28,1,defensive,-0.0004966190314244379,0.0,0.0,153162.8176014228
2020-03-02,1,defensive,0.006640203877895112,0.0,0.0,154179.84993680913
2020-03-03,1,defensive,0.011467006699569637,0.0,0.0,155947.83130897317
2020-03-04,1,defensive,0.0036234452451554653,0.0,0.0,156512.899736822
2020-03-05,1,defensive,0.012277760333908726,0.0,0.0,158434.52760895577
2020-03-06,1,defensive,0.02282994150058095,0.0,0.0,162051.57860594045
2020-03-09,1,defensive,-0.0015722049592068032,0.0,0.0,161796.80031040887
2020-03-10,1,defensive,-0.02161037352317847,0.0,0.0,158300.31102084584
2020-03-11,1,defensive,-0.029216512611367627,0.0,0.0,153675.3279875219
2020-03-12,1,defensive,-0.028003613245021,0.0,0.0,149371.86353725757
2020-03-13,1,defensive,-0.00335934826029175,0.0,0.0,148870.07142734717
2020-03-16,1,defensive,0.007064547527886966,0.0,0.0,149921.7711224256
2020-03-17,1,defensive,-0.018476340091636078,0.0,0.0,147151.76549202722
2020-03-18,1,defensive,-0.044309699271540624,0.0,0.0,140631.51501579923
2020-03-19,1,defensive,0.008366091785087472,0.0,0.0,141808.0511782973
2020-03-20,1,defensive,0.03347767760575093,0.0,0.0,146555.45539754417
2020-03-23,1,defensive,0.02874472230918985,0.0,0.0,150768.15126584345
2020-03-24,1,defensive,0.023372668889920366,0.0,0.0,154292.00534452542
2020-03-25,1,defensive,-0.0022485846577992015,0.0,0.0,153945.06670848664
2020-03-26,1,defensive,0.01798585014568359,0.0,0.0,156713.89960897274
2020-03-27,1,defensive,0.005450930819264399,0.0,0.0,157568.13623415842
2020-03-30,1,defensive,0.003700923861515649,0.0,0.0,158151.28390936196
2020-03-31,1,defensive,-0.016593643907470958,0.0,0.0,155526.97782066066
2020-04-01,1,defensive,0.0008412629828563616,0.0,0.0,155657.81690993672
2020-04-02,1,defensive,0.012706000298512033,0.0,0.0,157635.6051780601
2020-04-03,1,defensive,-0.00022002489418901957,0.0,0.0,157600.9214207104
2020-04-06,1,defensive,0.020440747207442933,0.0,0.0,160822.40201513117
2020-04-07,2,cautious,-0.006638513118368361,0.0,0.0,159754.78038962622
2020-04-08,2,cautious,0.004287791256652319,0.00019999999999999996,0.19999999999999996,160439.7755401893
2020-04-09,2,cautious,0.01312913442356074,0.0,0.0,162546.21092014233
2020-04-13,2,cautious,-0.0012489596612689224,0.0,0.0,162343.19725961098
2020-04-14,2,cautious,0.01111049241999631,0.0,0.0,164146.91012220184
2020-04-15,2,cautious,0.0026907194902800373,0.0,0.0,164588.58341253691
2020-04-16,2,cautious,0.005730586055225618,0.0,0.0,165531.77245349012
2020-04-17,2,cautious,-0.003082292014047106,0.0,0.0,165021.5551931857
2020-04-20,2,cautious,7.031224410239921e-05,0.0,0.0,165033.15822905657
2020-04-21,2,cautious,-0.0061199622257246625,0.0,0.0,164023.1615347027
2020-04-22,2,cautious,0.008473076219896902,0.0,0.0,165412.94228421472
2020-04-23,2,cautious,0.005088370352310056,0.0,0.0,166254.6245956221
2020-04-24,2,cautious,0.003834502685982832,0.0,0.0,166892.12840019108
2020-04-27,2,cautious,-0.0051119454206449266,0.0,0.0,166038.984948674
2020-04-28,2,cautious,0.0018878138011824367,0.0,0.0,166352.43563599445
2020-04-29,2,cautious,0.007438122396051771,0.0,0.0,167589.7854131363
2020-04-30,2,cautious,-0.01289879001187123,0.0,0.0,165428.0799629577
2020-05-01,2,cautious,-0.0026654392330088027,0.0,0.0,164987.1414683831
2020-05-04,2,cautious,-2.7676863923577558e-06,0.0,0.0,164986.68483571673
2020-05-05,2,cautious,0.001483742249961306,0.0,0.0,165231.48255068855
2020-05-06,2,cautious,-0.012344487894416667,0.0,0.0,163191.78451456505
2020-05-07,2,cautious,0.014907953132732101,0.0,0.0,165624.63998975512
2020-05-08,2,cautious,-0.00203971210509315,0.0,0.0,165286.81340666633
2020-05-11,2,cautious,-0.004930901918945985,0.0,0.0,164471.80034126295
2020-05-12,2,cautious,-0.0007072509118241977,0.0,0.0,164355.4775105022
2020-05-13,2,cautious,0.0003796305070120744,0.0,0.0,164417.87186375973
2020-05-14,2,cautious,0.010160380086185273,0.0,0.0,166088.41993485726
2020-05-15,2,cautious,0.0020429943545096307,0.0,0.0,166427.73763913361
2020-05-18,2,cautious,-0.0019129804728669104,0.0,0.0,166109.36462688653
2020-05-19,2,cautious,0.0013103762246530982,0.0,0.0,166327.03038898585
2020-05-20,2,cautious,0.00700589934531235,0.0,0.0,167492.30082229577
2020-05-21,2,cautious,-0.005444706844051205,0.0,0.0,166580.35434568275
2020-05-22,2,cautious,0.004751074294639013,0.0,0.0,167371.7899852064
2020-05-26,2,cautious,-0.005932413999901787,0.0,0.0,166378.87123510952
2020-05-27,2,cautious,0.0042698628552090495,0.0,0.0,167089.28619728796
2020-05-28,2,cautious,-0.0010204394857631913,0.0,0.0,166918.78169200427
2020-05-29,2,cautious,0.006400995561582445,0.0,0.0,167987.22807275955
2020-06-01,2,cautious,-9.950043435782486e-05,0.0,0.0,167970.51327059974
2020-06-02,2,cautious,-0.0009132882738811963,0.0,0.0,167817.1077704719
2020-06-03,2,cautious,-0.0068612325904543695,0.0,0.0,166665.67556140135
2020-06-04,2,cautious,-0.003421987096361501,0.0,0.0,166095.34777022386
2020-06-05,2,cautious,-0.0012430737104524364,0.0,0.0,165888.87900998225
2020-06-08,2,cautious,0.00841050187421728,0.0,0.0,167284.0877378075
2020-06-09,2,cautious,0.00519869995999851,0.0,0.0,168153.74751803844
2020-06-10,2,cautious,0.008554363363296826,0.0,0.0,169592.1957752078
2020-06-11,2,cautious,-0.011898529600245575,0.0,0.0,167574.29801380582
2020-06-12,2,cautious,0.0001611351458387306,0.0,0.0,167601.30012275514
2020-06-15,2,cautious,0.0024874023326830865,0.0,0.0,168018.19198764118
2020-06-16,2,cautious,-0.0005069299984526217,0.0,0.0,167933.01852583687
2020-06-17,2,cautious,0.0009784358752769283,0.0,0.0,168097.3302158061
2020-06-18,2,cautious,0.0037600876187628314,0.0,0.0,168729.39090589766
2020-06-19,2,cautious,0.0019156760069907965,0.0,0.0,169052.62175173024
2020-06-22,2,cautious,0.003912477712578211,0.0,0.0,169714.0363665868
2020-06-23,2,cautious,0.0011732348505139488,0.0,0.0,169913.15078867352
2020-06-24,2,cautious,-0.0044077425693914265,0.0,0.0,169164.21736084283
2020-06-25,2,cautious,0.004188600862106961,0.0,0.0,169872.77874751814
2020-06-26,2,cautious,-0.001505087405480365,0.0,0.0,169617.1053676913
2020-06-29,2,cautious,0.00331262981874012,0.0,0.0,170178.9840487007
2020-06-30,2,cautious,0.0032325011803400854,0.0,0.0,170729.08781550717
2020-07-01,2,cautious,-1.945385570280029e-05,0.0,0.0,170725.76647646853
2020-07-02,2,cautious,0.002716207386656033,0.0,0.0,171189.49306446442
2020-07-06,2,cautious,0.004789425713669915,0.0,0.0,172009.39242445747
2020-07-07,2,cautious,0.004421365893164187,0.0,0.0,172769.90888542688
2020-07-08,2,cautious,0.002560191542698353,0.0,0.0,173212.2329449881
2020-07-09,2,cautious,0.003849662902461071,0.0,0.0,173879.04165240887
2020-07-10,2,cautious,0.0002750905406489365,0.0,0.0,173926.87413198454
2020-07-13,2,cautious,-0.0009026005056112728,0.0,0.0,173769.88764745364
2020-07-14,2,cautious,0.0058619186413567444,0.0,0.0,174788.5125911607
2020-07-15,2,cautious,0.001153638040271709,0.0,0.0,174990.15526828836
2020-07-16,3,rebound,-0.001923773800477435,0.0,0.0,174653.51379224175
2020-07-17,3,rebound,0.0020690911506101033,0.0004,0.4,175014.88783205222
2020-07-20,3,rebound,0.005742038537832595,0.0,0.0,176019.83006267832
2020-07-21,3,rebound,0.0036533419959145167,0.0,0.0,176662.89069996006
2020-07-22,3,rebound,0.0067831255840199,0.0,0.0,177861.21727361385
2020-07-23,3,rebound,-0.0006962632134520528,0.0,0.0,177737.37905092642
2020-07-24,3,rebound,-0.0015220781137663118,0.0,0.0,177466.84887627483
2020-07-27,3,rebound,0.006483398932352492,0.0,0.0,178617.43725480724
2020-07-28,3,rebound,0.0005726316167561916,0.0,0.0,178719.71924668332
2020-07-29,3,rebound,0.00714063885013212,0.0,0.0,179995.8922172209
2020-07-30,3,rebound,-0.0012874991087567292,0.0,0.0,179764.14766641136
2020-07-31,3,rebound,0.005575713083242539,0.0,0.0,180766.46097645292
2020-08-03,3,rebound,0.0021920934490250567,0.0,0.0,181162.71795136284
2020-08-04,3,rebound,0.009046886710098456,0.0,0.0,182801.67653676233
2020-08-05,3,rebound,0.002339056790644711,0.0,0.0,183229.2600396069
2020-08-06,3,rebound,0.007672885368539362,0.0,0.0,184635.15714805308
2020-08-07,3,rebound,-0.004817859479952291,0.0,0.0,183745.61090585485
2020-08-10,3,rebound,-0.0005396233427956919,0.0,0.0,183646.4574850738
2020-08-11,3,rebound,-0.018431623105474238,0.0,0.0,180261.55519605344
2020-08-12,3,rebound,0.0033088741070963603,0.0,0.0,180858.01798854658
2020-08-13,3,rebound,0.0006128121473193086,0.0,0.0,180968.84997891003
2020-08-14,3,rebound,-0.0020189601741706694,0.0,0.0,180603.48107803715
2020-08-17,3,rebound,0.006680980541357439,0.0,0.0,181810.08942082094
2020-08-18,3,rebound,0.00502737912762401,0.0,0.0,182724.11766956665
2020-08-19,3,rebound,-0.010270420436586446,0.0,0.0,180847.4641571959
2020-08-20,3,rebound,0.00565126761048813,0.0,0.0,181869.48157382637
2020-08-21,3,rebound,0.001969363034858551,0.0,0.0,182227.64860800674
2020-08-24,3,rebound,0.0034476065642853435,0.0,0.0,182855.897845542
2020-08-25,3,rebound,-0.00030377351556983847,0.0,0.0,182800.35106661078
2020-08-26,3,rebound,0.006226896040159403,0.0,0.0,183938.6298488072
2020-08-27,3,rebound,-0.006321818025382531,0.0,0.0,182775.80330306484
2020-08-28,3,rebound,0.006482458156448868,0.0,0.0,183960.6397999883
2020-08-31,3,rebound,0.000658476565547672,0.0,0.0,184081.77357027974
2020-09-01,3,rebound,0.008378337426130566,0.0,0.0,185624.07278325214
2020-09-02,3,rebound,0.0074620073125162495,0.0,0.0,187009.20097173977
2020-09-03,3,rebound,-0.017975672518085285,0.0,0.0,183647.584817203
2020-09-04,3,rebound,-0.009226645110555775,0.0,0.0,181953.13372668397
2020-09-08,3,rebound,-0.012203497124755814,0.0,0.0,179732.66918241009
2020-09-09,0,aggressive,0.011009012820228259,0.0,0.0,181711.3484416531
2020-09-10,0,aggressive,-0.011860303287030504,0.00039999999999999996,0.39999999999999997,179556.19673843982
2020-09-11,3,rebound,0.0007774745247434044,0.0,0.0,179695.79710716376
2020-09-14,3,rebound,0.007745994728882267,0.00039999999999999996,0.39999999999999997,181087.71980435814
2020-09-15,3,rebound,0.001317920617774049,0.0,0.0,181326.37904391397
2020-09-16,3,rebound,-0.002313164363238396,0.0,0.0,180906.94132579456
2020-09-17,3,rebound,-0.004578789967933572,0.0,0.0,180078.60643772245
2020-09-18,3,rebound,-0.006426496276904348,0.0,0.0,178921.3319439003
2020-09-21,3,rebound,-0.008060103877148528,0.0,0.0,177479.20742259469
2020-09-22,3,rebound,0.003885865051462078,0.0,0.0,178168.86767207936
2020-09-23,3,rebound,-0.015514901741092067,0.0,0.0,175404.5951968254
2020-09-24,3,rebound,0.0032253273478256798,0.0,0.0,175970.33243464804
2020-09-25,3,rebound,0.007513304838668677,0.0,0.0,177292.4511847914
2020-09-28,3,rebound,0.009462926279582007,0.0,0.0,178970.1565802795
2020-09-29,3,rebound,-0.0006901451066235629,0.0,0.0,178846.64120248394
2020-09-30,3,rebound,-0.00028566937572127604,0.0,0.0,178795.5501941418
2020-10-01,3,rebound,0.005489078489991361,0.0,0.0,179776.97300281862
2020-10-02,3,rebound,-0.006046563315101117,0.0,0.0,178689.94015295984
2020-10-05,3,rebound,0.003979354567126015,0.0,0.0,179401.010782407
2020-10-06,3,rebound,-0.007843438128626635,0.0,0.0,177993.8900541221
2020-10-07,3,rebound,0.006425374727737599,0.0,0.0,179137.5674969676
2020-10-08,3,rebound,0.00676216149105211,0.0,0.0,180348.92465749633
2020-10-09,3,rebound,0.008041020742962712,0.0,0.0,181799.11410163826
2020-10-12,3,rebound,0.008425206211302804,0.0,0.0,183330.80912697673
2020-10-13,3,rebound,-0.004260578918866253,0.0,0.0,182549.71374643163
2020-10-14,3,rebound,-0.0018363308610583663,0.0,0.0,182214.4920734017
2020-10-15,3,rebound,-0.000406940508952347,0.0,0.0,182140.34161525883
2020-10-16,3,rebound,-0.0018294561163800128,0.0,0.0,181807.12385325125
2020-10-19,3,rebound,-0.008634592683769026,0.0,0.0,180237.29339177092
2020-10-20,3,rebound,0.00011232505138193422,0.0,0.0,180257.53855501208
2020-10-21,3,rebound,-0.00047610007631261283,0.0,0.0,180171.7179271501
2020-10-22,3,rebound,-0.0023369829791475617,0.0,0.0,179750.6596890306
2020-10-23,3,rebound,0.0033191468108513256,0.0,0.0,180347.2785178859
2020-10-26,3,rebound,-0.006550115291831949,0.0,0.0,179165.9830510256
2020-10-27,3,rebound,0.0008157958933954545,0.0,0.0,179312.1459242348
2020-10-28,0,aggressive,-0.020037963557544225,0.0,0.0,175719.0956787799
2020-10-29,0,aggressive,0.0043586277440508464,0.00039999999999999996,0.39999999999999997,176484.98980436494
2020-10-30,0,aggressive,-0.00881438508900303,0.0,0.0,174929.3831418005
2020-11-02,0,aggressive,0.010314558061600398,0.0,0.0,176733.70242089656
2020-11-03,0,aggressive,0.011766309374894179,0.0,0.0,178813.2058405513
2020-11-04,0,aggressive,0.019926975916587552,0.0,0.0,182376.4122869038
2020-11-05,0,aggressive,0.016298144069268085,0.0,0.0,185348.80932919198
2020-11-06,0,aggressive,-0.002434681663908944,0.0,0.0,184897.54398169086
2020-11-09,0,aggressive,0.00016577003013303754,0.0,0.0,184928.1944531282
2020-11-10,0,aggressive,-0.0018487225058845922,0.0,0.0,184586.3135380701
2020-11-11,0,aggressive,0.005489282284271423,0.0,0.0,185599.5599188936
2020-11-12,0,aggressive,-0.00278121419783588,0.0,0.0,185083.3677877351
2020-11-13,0,aggressive,0.010108126657425599,0.0,0.0,186954.21391151642
2020-11-16,0,aggressive,0.008251489997703365,0.0,0.0,188496.86473763577
2020-11-17,0,aggressive,-0.0028260637455580716,0.0,0.0,187964.16058204937
2020-11-18,0,aggressive,-0.008417188704225064,0.0,0.0,186382.03077279901
2020-11-19,0,aggressive,0.00378854567735456,0.0,0.0,187088.14760981983
2020-11-20,3,rebound,-0.002716688676717915,0.0,0.0,186579.8873576601
2020-11-23,3,rebound,-0.0027162145155960934,0.00039999999999999996,0.39999999999999997,186073.09635930095
2020-11-24,3,rebound,0.0020056938337091206,0.0,0.0,186446.30202128796
2020-11-25,3,rebound,-0.0017887474088555287,0.0,0.0,186112.7966816567
2020-11-27,3,rebound,0.002274625249476236,0.0,0.0,186536.13354823945
2020-11-30,3,rebound,-0.003923093340108175,0.0,0.0,185804.33488502682
2020-12-01,3,rebound,0.005257221085005326,0.0,0.0,186781.14935206974
2020-12-02,3,rebound,0.0001751506838622353,0.0,0.0,186813.86419811138
2020-12-03,3,rebound,0.0038576995476898857,0.0,0.0,187534.53595753064
2020-12-04,3,rebound,-0.0006580658153647943,0.0,0.0,187411.1258902167
2020-12-07,0,aggressive,0.00466154397002162,0.0,0.0,188284.75109402524
2020-12-08,0,aggressive,0.002942253724384991,0.00039999999999999996,0.39999999999999997,188838.73260417653
2020-12-09,0,aggressive,-0.008648659567418514,0.0,0.0,187205.53069274023
2020-12-10,0,aggressive,0.001352383023938408,0.0,0.0,187458.70427443646
2020-12-11,0,aggressive,7.307100914408777e-05,0.0,0.0,187472.40207113064
2020-12-14,0,aggressive,-0.004238976012446505,0.0,0.0,186677.7110557554
2020-12-15,0,aggressive,0.010193311973814855,0.0,0.0,188580.5752031044
2020-12-16,0,aggressive,0.001117975987773434,0.0,0.0,188791.403757942
2020-12-17,3,rebound,0.004437148855893724,0.0,0.0,189629.0993191291
2020-12-18,3,rebound,-0.0036352715981267545,0.00039999999999999996,0.39999999999999997,188939.74604019593
2020-12-21,3,rebound,-0.001232626739722964,0.0,0.0,188706.85385703034
2020-12-22,3,rebound,-0.0008749314838572776,0.0,0.0,188541.74828937114
2020-12-23,3,rebound,-0.0002939044711672723,0.0,0.0,188486.3350265472
2020-12-24,3,rebound,0.003929347221761103,0.0,0.0,189226.9632834237
2020-12-28,3,rebound,0.0037030833032574814,0.0,0.0,189927.68649168467
2020-12-29,3,rebound,-0.0006067983855184367,0.0,0.0,189812.43867815624
2020-12-30,3,rebound,0.0028934442471133526,0.0,0.0,190361.65038688012
2020-12-31,3,rebound,0.00372161289719426,0.0,0.0,191070.10276009107
2021-01-04,3,rebound,-0.0027166412586537066,0.0,0.0,190551.03383563782
2021-01-05,0,aggressive,0.0018077086087365693,0.0,0.0,190895.49457990617
2021-01-06,0,aggressive,-0.0019446649001404247,0.00039999999999999996,0.39999999999999997,190524.26681200165
2021-01-07,0,aggressive,0.008403760728769616,0.0,0.0,192125.387163314
2021-01-08,0,aggressive,-7.80047564661328e-05,0.0,0.0,192110.40046927737
2021-01-11,0,aggressive,-0.005245104797299482,0.0,0.0,191102.76128616484
2021-01-12,0,aggressive,0.0006363456270755296,0.0,0.0,191224.36869263134
2021-01-13,3,rebound,0.003706603983761824,0.0,0.0,191933.16169941978
2021-01-14,3,rebound,-0.005065191707704963,0.00039999999999999996,0.39999999999999997,190960.9834403463
2021-01-15,3,rebound,-0.004937442423272898,0.0,0.0,190018.12457951801
2021-01-19,3,rebound,0.006588639093739391,0.0,0.0,191270.08542364166
2021-01-20,3,rebound,0.01047134166902448,0.0,0.0,193272.9398391761
2021-01-21,0,aggressive,-0.0017750191122397616,0.0,0.0,192929.87667708282
2021-01-22,0,aggressive,-0.0030176804258913777,0.00039999999999999996,0.39999999999999997,192347.67596466476
2021-01-25,0,aggressive,0.005204191998499684,0.0,0.0,193348.69020085008
2021-01-26,0,aggressive,-0.0017172688437417259,0.0,0.0,193016.6585191899
2021-01-27,0,aggressive,-0.017233407049385172,0.0,0.0,189690.32387561654
2021-01-28,0,aggressive,0.005007546036276844,0.0,0.0,190640.20690505995
2021-01-29,0,aggressive,-0.015257606294956582,0.0,0.0,187731.4936841135
2021-02-01,3,rebound,0.012822313794621976,0.0,0.0,190138.64580526427
2021-02-02,0,aggressive,0.0023021599176759056,0.00039999999999999996,0.39999999999999997,190576.3753744383
2021-02-03,0,aggressive,-0.0017750428250781762,0.00039999999999999996,0.39999999999999997,190238.0941467005
2021-02-04,0,aggressive,0.0052683098943619,0.0,0.0,191240.32738037812
2021-02-05,0,aggressive,0.0020678432854184916,0.0,0.0,191635.78240725287
2021-02-08,0,aggressive,0.006940408393886498,0.0,0.0,192965.81300004118
2021-02-09,0,aggressive,8.471155118550079e-06,0.0,0.0,192967.44764337566
2021-02-10,0,aggressive,0.0013917631235654036,0.0,0.0,193236.01262105422
2021-02-11,0,aggressive,-0.0008329032986152617,0.0,0.0,193075.0657087309
2021-02-12,0,aggressive,0.0006702469403080944,0.0,0.0,193204.47368077195
2021-02-16,0,aggressive,-0.005086922873049348,0.0,0.0,192221.65742442978
2021-02-17,0,aggressive,0.0002955373056396371,0.0,0.0,192278.4660951506
2021-02-18,0,aggressive,-0.0037946556636296864,0.0,0.0,191548.83552478862
2021-02-19,0,aggressive,-0.003479412591080644,0.0,0.0,190882.3580946568
2021-02-22,0,aggressive,-0.005409172211675671,0.0,0.0,189849.84254755205
2021-02-23,3,rebound,4.329492983330411e-05,0.0,0.0,189858.062083164
2021-02-24,0,aggressive,0.00299977339213694,0.00039999999999999996,0.39999999999999997,190427.59324608376
2021-02-25,0,aggressive,-0.0224146928382517,0.00039999999999999996,0.39999999999999997,186159.21723554525
2021-02-26,0,aggressive,0.0005865071027155166,0.0,0.0,186268.40093868985
2021-03-01,0,aggressive,0.014153703824527042,0.0,0.0,188904.78871744432
2021-03-02,0,aggressive,-0.004903433275577585,0.0,0.0,187978.50669053124
2021-03-03,0,aggressive,-0.012543050324921687,0.0,0.0,185620.6828211083
2021-03-04,0,aggressive,-0.010936108545203693,0.0,0.0,183590.71488554182
2021-03-05,0,aggressive,0.013329868645316776,0.0,0.0,186037.95499946587
2021-03-08,0,aggressive,-0.006076943330886552,0.0,0.0,184907.41288954008
2021-03-09,0,aggressive,0.014892992869649267,0.0,0.0,187661.2376712493
2021-03-10,0,aggressive,0.005267886444119685,0.0,0.0,188649.8157612644
2021-03-11,0,aggressive,0.0055681621403144916,0.0,0.0,189700.2485231636
2021-03-12,0,aggressive,-0.003320204218360812,0.0,0.0,189070.4049577929
2021-03-15,3,rebound,0.005789998073523472,0.0,0.0,190165.1222382588
2021-03-16,3,rebound,-0.002051194324595273,0.00039999999999999996,0.39999999999999997,189775.05661878773
2021-03-17,0,aggressive,0.0008889608349987312,0.0,0.0,189943.7592115815
2021-03-18,0,aggressive,-0.013191068226888446,0.00039999999999999996,0.39999999999999997,187438.19812454985
2021-03-19,0,aggressive,0.0003627788108208516,0.0,0.0,187506.19673116787
2021-03-22,0,aggressive,0.007683434269254352,0.0,0.0,188946.8882688297
2021-03-23,0,aggressive,-0.0044340246598621015,0.0,0.0,188109.0931068415
2021-03-24,0,aggressive,-0.0021359696761039542,0.0,0.0,187707.29778816586
2021-03-25,0,aggressive,0.0019975365010438395,0.0,0.0,188082.24996701002
2021-03-26,0,aggressive,0.010864651494431988,0.0,0.0,190125.69806519023
2021-03-29,0,aggressive,-0.0032407773546125444,0.0,0.0,189509.54300837065
2021-03-30,0,aggressive,-0.0025182986295523508,0.0,0.0,189032.30138592556
2021-03-31,0,aggressive,0.003238183907831948,0.0,0.0,189644.4227423339
2021-04-01,0,aggressive,0.012141856063712628,0.0,0.0,191947.05802655718
2021-04-05,0,aggressive,0.009137240976785189,0.0,0.0,193700.92455053082
2021-04-06,0,aggressive,0.0017480904782259275,0.0,0.0,194039.53129236112
2021-04-07,0,aggressive,-0.0008648180153255857,0.0,0.0,193871.7224100142
2021-04-08,0,aggressive,0.006049220400854693,0.0,0.0,195044.49518836566
2021-04-09,0,aggressive,0.003610688308640197,0.0,0.0,195748.7400668069
2021-04-12,0,aggressive,-0.00043851744807342773,0.0,0.0,195662.90082884923
2021-04-13,0,aggressive,0.004282135175058554,0.0,0.0,196500.75581894245
2021-04-14,0,aggressive,-0.003460517968356269,0.0,0.0,195820.7614226354
2021-04-15,0,aggressive,0.012482912278961077,0.0,0.0,198265.17480987354
2021-04-16,0,aggressive,0.0013911581378521554,0.0,0.0,198540.99302126296
2021-04-19,0,aggressive,-0.004290144030676678,0.0,0.0,197689.22356520817
2021-04-20,0,aggressive,-0.0038476888028557863,0.0,0.0,196928.57695325106
2021-04-21,0,aggressive,0.008016055976196678,0.0,0.0,198507.16744942105
2021-04-22,0,aggressive,-0.006168687286335184,0.0,0.0,197282.63880932942
2021-04-23,0,aggressive,0.006736269028169949,0.0,0.0,198611.58773893636
2021-04-26,0,aggressive,0.0014405037919289264,0.0,0.0,198897.6884841953
2021-04-27,0,aggressive,-0.002147379618147005,0.0,0.0,198470.5796418478
2021-04-28,0,aggressive,0.0002230359649110114,0.0,0.0,198514.84571908464
2021-04-29,0,aggressive,0.0034565797592779443,0.0,0.0,199201.02811671342
2021-04-30,0,aggressive,-0.004473656793940251,0.0,0.0,198309.8710839192
2021-05-03,0,aggressive,0.002927347003201808,0.0,0.0,198890.39289074205
2021-05-04,0,aggressive,-0.0036940821892986753,0.0,0.0,198155.67543274176
2021-05-05,0,aggressive,0.0009629246815556769,0.0,0.0,198346.48442340628
2021-05-06,0,aggressive,0.007587304792823591,0.0,0.0,199851.39965531172
2021-05-07,0,aggressive,0.00500799949694437,0.0,0.0,200852.2553642491
2021-05-10,0,aggressive,-0.00865412412492248,0.0,0.0,199114.05501555625
2021-05-11,0,aggressive,-0.007361941230025425,0.0,0.0,197648.1890444597
2021-05-12,0,aggressive,-0.01796663083181118,0.0,0.0,194097.11699732186
2021-05-13,0,aggressive,0.009129351977840306,0.0,0.0,195869.09789627447
2021-05-14,0,aggressive,0.013530607526609484,0.0,0.0,198519.32578650003
2021-05-17,0,aggressive,-0.0010402738581249628,0.0,0.0,198312.8113215517
2021-05-18,0,aggressive,-0.006348080118433851,0.0,0.0,197053.90570677066
2021-05-19,0,aggressive,-0.002250546825638866,0.0,0.0,196610.42666480254
2021-05-20,0,aggressive,0.009633031104763611,0.0,0.0,198504.38102038545
2021-05-21,0,aggressive,0.00011374295940659305,0.0,0.0,198526.9594961379
2021-05-24,0,aggressive,0.008052818171747233,0.0,0.0,200125.6610031501
2021-05-25,0,aggressive,0.001207052327902336,0.0,0.0,200367.22314813695
2021-05-26,0,aggressive,0.0008708645688484727,0.0,0.0,200541.7158635352
2021-05-27,0,aggressive,-0.00039782188015884395,0.0,0.0,200461.9359810801
2021-05-28,0,aggressive,0.001312037867377036,0.0,0.0,200724.94963205498
2021-06-01,0,aggressive,-0.0009307296478005321,0.0,0.0,200538.12897037916
2021-06-02,3,rebound,0.0020527921152713843,0.0,0.0,200949.7920603408
2021-06-03,3,rebound,-0.007297274756904793,0.00039999999999999996,0.39999999999999997,199483.4062153336
2021-06-04,3,rebound,0.010838060265990901,0.0,0.0,201645.41939396056
2021-06-07,3,rebound,-0.0006057607136808695,0.0,0.0,201523.27052079802
2021-06-08,3,rebound,0.001596220182219521,0.0,0.0,201844.9460323902
2021-06-09,3,rebound,0.0015191778735919035,0.0,0.0,202151.58440829898
2021-06-10,3,rebound,0.0049826530020666395,0.0,0.0,203158.8356072235
2021-06-11,3,rebound,-0.0019081996468698903,0.0,0.0,202771.1679888593
2021-06-14,3,rebound,-0.0023505353246646046,0.0,0.0,202294.547195678
2021-06-15,3,rebound,-0.0020339246423947688,0.0,0.0,201883.0953311146
2021-06-16,3,rebound,-0.006425107711154387,0.0,0.0,200585.97469855094
2021-06-17,3,rebound,-0.001822302923943764,0.0,0.0,200220.44629035567
2021-06-18,3,rebound,-0.002212903085958462,0.0,0.0,199777.37784688777
2021-06-21,3,rebound,0.004584529060730791,0.0,0.0,200693.2630413034
2021-06-22,3,rebound,0.002567202651298528,0.0,0.0,201208.48331828084
2021-06-23,3,rebound,-0.0015076291082782856,0.0,0.0,200905.13555199764
2021-06-24,3,rebound,0.003319131359274241,0.0,0.0,201571.9660876475
2021-06-25,3,rebound,-0.0006765328349217503,0.0,0.0,201435.59603398948
2021-06-28,3,rebound,0.004080225846133189,0.0,0.0,202257.4987592586
2021-06-29,3,rebound,-0.0013301636391348961,0.0,0.0,201988.46318866668
2021-06-30,3,rebound,0.0027274377967183793,0.0,0.0,202539.37415766853
2021-07-01,3,rebound,0.0034733392347520375,0.0,0.0,203242.8621125125
2021-07-02,3,rebound,0.006943813460242465,0.0,0.0,204654.14263414755
2021-07-06,3,rebound,0.0035979197771155323,0.0,0.0,205390.47182139955
2021-07-07,3,rebound,0.005186041285694465,0.0,0.0,206455.63528795363
2021-07-08,3,rebound,-0.003028866696402244,0.0,0.0,205830.30868994538
2021-07-09,3,rebound,0.0017825837907385566,0.0,0.0,206197.21846185878
2021-07-12,3,rebound,0.0011538035604829688,0.0,0.0,206435.1295466818
2021-07-13,3,rebound,-0.003740101949143837,0.0,0.0,205663.04111629247
2021-07-14,3,rebound,0.006305558218842112,0.0,0.0,206959.86139551536
2021-07-15,3,rebound,0.001636333575729243,0.0,0.0,207298.5167655451
2021-07-16,3,rebound,-0.00642805217622725,0.0,0.0,205965.99108372166
2021-07-19,3,rebound,-0.000569353935351846,0.0,0.0,205848.7235361495
2021-07-20,3,rebound,0.004013980081678437,0.0,0.0,206674.99621226257
2021-07-21,3,rebound,-0.0004958390707788693,0.0,0.0,206572.51867418745
2021-07-22,3,rebound,0.0042740562913509365,0.0,0.0,207455.42124724708
2021-07-23,3,rebound,0.0025105696018098865,0.0,0.0,207976.2525215611
2021-07-26,3,rebound,-0.0001361762388244702,0.0,0.0,207947.9310977279
2021-07-27,3,rebound,0.0012556127940830941,0.0,0.0,208209.03318051732
2021-07-28,3,rebound,0.0008243946791530398,0.0,0.0,208380.67959962293
2021-07-29,3,rebound,0.0026308712310885943,0.0,0.0,208928.90233469626
2021-07-30,3,rebound,-0.0025946038275450724,0.0,0.0,208386.81460501385
2021-08-02,3,rebound,0.0013795081779925055,0.0,0.0,208674.2859199473
2021-08-03,3,rebound,0.004085567288328607,0.0,0.0,209526.8387564172
2021-08-04,3,rebound,-0.001795431730999897,0.0,0.0,209150.6476216178
2021-08-05,3,rebound,0.0008469065318550296,0.0,0.0,209327.77867123025
2021-08-06,3,rebound,-0.009182418854592478,0.0,0.0,207405.64332956958
2021-08-09,3,rebound,-0.00502976518710121,0.0,0.0,206362.44164514221
2021-08-10,3,rebound,-0.0007016209035802023,0.0,0.0,206217.65344237012
2021-08-11,3,rebound,0.003815172744216222,0.0,0.0,207004.4094131597
2021-08-12,1,defensive,0.0010557341794156573,0.0,0.0,207222.95104346692
2021-08-13,1,defensive,0.011959680511564551,0.0006,0.6,209701.27133261037
2021-08-16,1,defensive,0.003179257859827711,0.0,0.0,210367.96574771043
2021-08-17,1,defensive,-0.0019611105463028912,0.0,0.0,209955.41091147834
2021-08-18,3,rebound,-0.0002757601365930062,0.0,0.0,209897.51357868695
2021-08-19,3,rebound,0.0017972545902132714,0.0006,0.6,210274.7528484406
2021-08-20,1,defensive,0.00428586027275144,0.0,0.0,211175.96105803634
2021-08-23,1,defensive,0.004480548225944792,0.0006,0.6,212122.14513571715
2021-08-24,1,defensive,-0.0037130640388276515,0.0,0.0,211334.52202677474
2021-08-25,1,defensive,-0.005814812984793372,0.0,0.0,210105.65130395835
2021-08-26,3,rebound,0.0005444011144329463,0.0,0.0,210220.0330546769
2021-08-27,3,rebound,0.00891748095576368,0.0006,0.6,212094.666195962
2021-08-30,3,rebound,0.001994547582757877,0.0,0.0,212517.69909973902
2021-08-31,3,rebound,-0.002381309481793714,0.0,0.0,212011.62868782383
2021-09-01,1,defensive,0.0007799010858396515,0.0,0.0,212176.97678724807
2021-09-02,1,defensive,0.0014024300770849492,0.0006,0.6,212474.54016115944
2021-09-03,3,rebound,-0.0013873298506252739,0.0,0.0,212179.767889096
2021-09-07,3,rebound,-0.008835240129223008,0.0006,0.6,210305.10868923305
2021-09-08,3,rebound,0.0009318681013602005,0.0,0.0,210501.08531157364
2021-09-09,3,rebound,0.002374657645164657,0.0,0.0,211000.9533231242
2021-09-10,3,rebound,-0.007599126598645434,0.0,0.0,209397.5303663869
2021-09-13,3,rebound,0.0037691554287611283,0.0,0.0,210186.78220473652
2021-09-14,3,rebound,0.0022263022474497073,0.0,0.0,210654.72151034314
2021-09-15,3,rebound,0.0019512773124295776,0.0,0.0,211065.76728918243
2021-09-16,3,rebound,-0.006695695522524914,0.0,0.0,209652.53517618598
2021-09-17,3,rebound,-0.006628544120469204,0.0,0.0,208262.8440968024
2021-09-20,3,rebound,-0.00318769414978628,0.0,0.0,207598.96584705717
2021-09-21,1,defensive,0.0006032393475470467,0.0,0.0,207724.19771176617
2021-09-22,3,rebound,0.003213243481385587,0.0006,0.6,208391.66613598957
2021-09-23,3,rebound,-0.0036135424404782446,0.0006,0.6,207638.6340061652
2021-09-24,3,rebound,-0.0023651849782821864,0.0,0.0,207147.53022810278
2021-09-27,1,defensive,-0.002116845691595226,0.0,0.0,206709.0308712148
2021-09-28,3,rebound,-0.015333655959421521,0.0006,0.6,203539.42570813018
2021-09-29,1,defensive,-0.00013902175952635817,0.0006,0.6,203511.12929903527
2021-09-30,1,defensive,0.0022794657399836777,0.0006,0.6,203975.02594597777
2021-10-01,1,defensive,0.007260848184543756,0.0,0.0,205456.0576428099
2021-10-04,1,defensive,-0.0024486833192537303,0.0,0.0,204952.96082162033
2021-10-05,1,defensive,-0.004144322685559754,0.0,0.0,204103.56961661464
2021-10-06,1,defensive,0.004453993771246179,0.0,0.0,205012.64564437617
2021-10-07,1,defensive,-0.0050813961526098295,0.0,0.0,203970.89517556247
2021-10-08,1,defensive,-0.003736149395225397,0.0,0.0,203208.82943890872
2021-10-11,1,defensive,-0.0032830730362718883,0.0,0.0,202541.68001024547
2021-10-12,1,defensive,0.009412102002157051,0.0,0.0,204448.0229621902
2021-10-13,1,defensive,0.010920946261690333,0.0,0.0,206680.78883426913
2021-10-14,3,rebound,0.005955892545192243,0.0,0.0,207911.75740372157
2021-10-15,3,rebound,-0.0017187498944388527,0.0006,0.6,207554.4090926313
2021-10-18,3,rebound,0.002390860767824532,0.0,0.0,208050.64278651986
2021-10-19,3,rebound,0.0003618128870677364,0.0,0.0,208125.91819024275
2021-10-20,3,rebound,0.0016915836067070925,0.0,0.0,208477.9805815842
2021-10-21,3,rebound,0.0007670465065271026,0.0,0.0,208637.89288827713
2021-10-22,3,rebound,0.004009113046682977,0.0,0.0,209474.34578668798
2021-10-25,3,rebound,0.0036064143098729403,0.0,0.0,210229.79706488436
2021-10-26,3,rebound,0.0014508657420413405,0.0,0.0,210534.8122754021
2021-10-27,3,rebound,0.003768081966861147,0.0,0.0,211328.12470493355
2021-10-28,0,aggressive,0.003761401970276823,0.0,0.0,212123.01472957357
2021-10-29,0,aggressive,0.0007809626425604236,0.00039999999999999996,0.39999999999999997,212288.67487970463
2021-11-01,0,aggressive,0.00028612456824954606,0.0,0.0,212349.41588514883
2021-11-02,0,aggressive,0.0035029523776672123,0.0,0.0,213093.26577642
2021-11-03,3,rebound,0.0013755112865738827,0.0,0.0,213386.37796858838
2021-11-04,3,rebound,0.007377466439384062,0.00039999999999999996,0.39999999999999997,214960.62881067334
2021-11-05,3,rebound,0.008834224634729493,0.0,0.0,216859.63929320953
2021-11-08,0,aggressive,0.0005824401231667943,0.0,0.0,216985.94704822937
2021-11-09,0,aggressive,0.0003827569770856413,0.00039999999999999996,0.39999999999999997,217068.9999333916
2021-11-10,0,aggressive,-0.008202033773230089,0.0,0.0,215288.59266481665
2021-11-11,3,rebound,0.0004898550879983254,0.0,0.0,215394.05287732155
2021-11-12,3,rebound,0.002434584088551495,0.00039999999999999996,0.39999999999999997,215918.4478112253
2021-11-15,3,rebound,-0.003905299965247644,0.0,0.0,215075.2215044918
2021-11-16,0,aggressive,-0.00023108672750133947,0.0,0.0,215025.5204753877
2021-11-17,0,aggressive,0.00039828794372814857,0.00039999999999999996,0.39999999999999997,215111.1625477869
2021-11-18,0,aggressive,0.0028087535090566716,0.0,0.0,215715.35678043024
2021-11-19,0,aggressive,9.523997648456226e-05,0.0,0.0,215735.90150593736
2021-11-22,0,aggressive,-0.006558509656294697,0.0,0.0,214320.99551270122
2021-11-23,0,aggressive,-0.0028287934127498304,0.0,0.0,213714.72569238095
2021-11-24,0,aggressive,0.004984373162083477,0.0,0.0,214779.95963546407
2021-11-26,0,aggressive,-0.010719971665927407,0.0,0.0,212477.52455376287
2021-11-29,0,aggressive,0.006841112294465701,0.0,0.0,213931.10715928522
2021-11-30,0,aggressive,-0.01125205907761979,0.0,0.0,211523.94170298835
2021-12-01,0,aggressive,-0.00614248447737491,0.0,0.0,210224.6591744846
2021-12-02,0,aggressive,0.010417231551705774,0.0,0.0,212414.6181269836
2021-12-03,0,aggressive,-0.0028632337588303304,0.0,0.0,211806.4254214934
2021-12-06,0,aggressive,0.005296886623992813,0.0,0.0,212928.34004318423
2021-12-07,0,aggressive,0.013218657955011225,0.0,0.0,215742.96693914343
2021-12-08,0,aggressive,-0.001549509958341799,0.0,0.0,215408.671063429
2021-12-09,0,aggressive,-0.004218344815292673,0.0,0.0,214500.0030126795
2021-12-10,0,aggressive,0.006528834008284368,0.0,0.0,215900.43792712575
2021-12-13,3,rebound,-0.0029929939603908435,0.0,0.0,215254.2492203641
2021-12-14,0,aggressive,-0.006423218277863718,0.00039999999999999996,0.39999999999999997,213871.624192384
2021-12-15,2,cautious,0.009042451813437834,0.00039999999999999996,0.39999999999999997,215805.5480484053
2021-12-16,2,cautious,0.0003393007853465306,0.0008,0.8,215878.77104034025
2021-12-17,2,cautious,0.0006976153165835996,0.0,0.0,216029.37137754323
2021-12-20,2,cautious,-0.007456260852915153,0.0,0.0,214418.60003266096
2021-12-21,2,cautious,0.0036790669068510365,0.0,0.0,215207.46040825447
2021-12-22,3,rebound,0.007670445535162207,0.0,0.0,216858.19751207656
2021-12-23,3,rebound,0.0005586945949395245,0.0004,0.4,216979.35501489489
2021-12-27,3,rebound,0.008276594946262516,0.0,0.0,218775.20524805444
2021-12-28,3,rebound,-0.002459394989369745,0.0,0.0,218237.15060446903
2021-12-29,3,rebound,-0.002697217623776604,0.0,0.0,217648.51751569586
2021-12-30,3,rebound,0.0025690900629366633,0.0,0.0,218207.67615925835
2021-12-31,3,rebound,0.0006944371950325269,0.0,0.0,218359.20768582495
2022-01-03,3,rebound,-0.008056776020602752,0.0,0.0,216599.936457464
2022-01-04,3,rebound,5.847068965032505e-05,0.0,0.0,216612.60120512688
2022-01-05,3,rebound,-0.011831150736826867,0.0,0.0,214049.82486877288
2022-01-06,3,rebound,-0.0021416790111578377,0.0,0.0,213591.3988515094
2022-01-07,3,rebound,-0.003223108679385722,0.0,0.0,212902.97056002897
2022-01-10,3,rebound,0.000724033364172405,0.0,0.0,213057.11941404585
2022-01-11,3,rebound,0.008965441424761855,0.0,0.0,214967.270538281
2022-01-12,3,rebound,0.000730890834690734,0.0,0.0,215124.38814607594
2022-01-13,3,rebound,-0.004904344599420397,0.0,0.0,214069.3440148681
2022-01-14,3,rebound,-0.004904347288146182,0.0,0.0,213019.47360807357
2022-01-18,3,rebound,-0.013407337827608279,0.0,0.0,210163.44956155083
2022-01-19,3,rebound,6.15649878300097e-05,0.0,0.0,210176.3882717654
2022-01-20,3,rebound,-0.004183692086655499,0.0,0.0,209297.07497935102
2022-01-21,3,rebound,-0.006895938282520974,0.0,0.0,207853.77526758125
2022-01-24,3,rebound,0.0007575715363955181,0.0,0.0,208011.23937145632
2022-01-25,3,rebound,-0.00594946879915369,0.0,0.0,206773.68299294257
2022-01-26,3,rebound,-0.008115788392618272,0.0,0.0,205095.55153660954
2022-01-27,3,rebound,0.0004602521157118008,0.0,0.0,205189.94719812734
2022-01-28,3,rebound,0.011925814842286142,0.0,0.0,207637.00451591064
2022-01-31,3,rebound,0.008639407071187245,0.0,0.0,209430.86512096555
2022-02-01,3,rebound,0.0025492360614470357,0.0,0.0,209964.75383471194
2022-02-02,3,rebound,0.006598414948594745,0.0,0.0,211350.18840509292
2022-02-03,3,rebound,-0.01437861932599901,0.0,0.0,208311.26450153792
2022-02-04,3,rebound,-0.00176320053380532,0.0,0.0,207943.96996877115
2022-02-07,3,rebound,7.01215817030755e-05,0.0,0.0,207958.55132885103
2022-02-08,3,rebound,0.0027194874366819888,0.0,0.0,208524.0919965404
2022-02-09,2,cautious,0.00856241775112716,0.0,0.0,210309.56238338928
2022-02-10,2,cautious,-0.013285567231600416,0.0004,0.4,207515.4805528963
2022-02-11,2,cautious,0.005731969883039934,0.0,0.0,208704.9530376901
2022-02-14,2,cautious,-0.00435213180489461,0.0,0.0,207796.64157373575
2022-02-15,0,aggressive,-0.0025530312296147,0.0,0.0,207266.13025838896
2022-02-16,0,aggressive,0.0021984559394310657,0.0008,0.8,207721.79571349837
2022-02-17,0,aggressive,-0.012098500264800971,0.0,0.0,205208.67351305368
2022-02-18,2,cautious,-0.0025003877478774086,0.0,0.0,204695.57226004347
2022-02-22,2,cautious,-0.0023510314258231796,0.0008,0.8,204214.32653693325
2022-02-23,3,rebound,-0.00948223895707595,0.0,0.0,202277.9174942517
2022-02-24,3,rebound,0.006032056660550356,0.0004,0.4,203498.06935375519
2022-02-25,3,rebound,0.010585267138403286,0.0,0.0,205652.15078001397
2022-02-28,3,rebound,0.007369444263018576,0.0,0.0,207167.69284275718
2022-03-01,2,cautious,-0.0005140259018617589,0.0,0.0,207061.20328260705
2022-03-02,2,cautious,-0.011676180046911233,0.0004,0.4,204643.51939234926
2022-03-03,2,cautious,0.004366643551809025,0.0,0.0,205537.1246967234
2022-03-04,2,cautious,0.009246785900363784,0.0,0.0,207437.68248337036
2022-03-07,2,cautious,-0.007436617594288453,0.0,0.0,205895.0477640961
2022-03-08,2,cautious,0.0019093441541601763,0.0,0.0,206288.17226991497
2022-03-09,2,cautious,-0.004789631704711162,0.0,0.0,205300.12789970406
2022-03-10,2,cautious,-0.006165316517729348,0.0,0.0,204034.3876300721
2022-03-11,2,cautious,-0.004584337823231432,0.0,0.0,203099.02506961967
2022-03-14,2,cautious,-0.016054123185436107,0.0,0.0,199838.44830231005
2022-03-15,2,cautious,0.00028743359560128197,0.0,0.0,199895.88858604498
2022-03-16,2,cautious,0.012453462669260996,0.0,0.0,202385.28457229002
2022-03-17,2,cautious,0.0022383686610122576,0.0,0.0,202838.2974507267
2022-03-18,2,cautious,0.005534057608124199,0.0,0.0,203960.81627395283
2022-03-21,2,cautious,-0.007058135358375295,0.0,0.0,202521.23322488656
2022-03-22,2,cautious,-0.0037894610337330884,0.0,0.0,201753.78690307727
2022-03-23,2,cautious,0.009000191312067373,0.0,0.0,203569.60958313904
2022-03-24,2,cautious,0.0035673362004305033,0.0,0.0,204295.8108207125
2022-03-25,2,cautious,-0.005312672694458288,0.0,0.0,203210.45404497307
2022-03-28,2,cautious,9.266450055854785e-05,0.0,0.0,203229.2844402054
2022-03-29,2,cautious,0.006866191098163288,0.0,0.0,204624.69554391483
2022-03-30,2,cautious,0.00367969596712372,0.0,0.0,205377.65221088167
2022-03-31,2,cautious,-0.0035294646903550326,0.0,0.0,204652.77903921538
2022-04-01,2,cautious,0.0004631225880400551,0.0,0.0,204747.55836389356
2022-04-04,2,cautious,0.0012440534988013671,0.0,0.0,205002.2752802472
2022-04-05,2,cautious,-0.014705684513846995,0.0,0.0,201987.57649535505
2022-04-06,2,cautious,-0.005534650776364048,0.0,0.0,200869.64579828916
2022-04-07,2,cautious,-0.000365730543679588,0.0,0.0,200796.18163352265
2022-04-08,2,cautious,-0.003254729116202693,0.0,0.0,200142.64445473772
2022-04-11,2,cautious,-0.009969825819251632,0.0,0.0,198147.25715051955
2022-04-12,2,cautious,0.0006391673722634826,0.0,0.0,198273.90641219364
2022-04-13,2,cautious,0.005686071018996608,0.0,0.0,199401.30592526725
2022-04-14,2,cautious,-0.012744889308490126,0.0,0.0,196859.95835328134
2022-04-18,2,cautious,-0.0009350868683840386,0.0,0.0,196675.87719131456
2022-04-19,2,cautious,-0.0026872451254479346,0.0,0.0,196147.36089903902
2022-04-20,2,cautious,0.009296254945618154,0.0,0.0,197970.79677286666
2022-04-21,2,cautious,-0.008512615033352433,0.0,0.0,196285.54759209318
2022-04-22,2,cautious,-0.013665991521402432,0.0,0.0,193603.1109629258
2022-04-25,2,cautious,0.0003482670561419047,0.0,0.0,193670.53654844075
2022-04-26,2,cautious,-0.0042038938480874815,0.0,0.0,192856.36617128897
2022-04-27,2,cautious,-0.00655395829504858,0.0,0.0,191592.39359046772
2022-04-28,2,cautious,0.009793221151446452,0.0,0.0,193468.70027183412
2022-04-29,2,cautious,-0.016309941870837605,0.0,0.0,190313.23701657404
2022-05-02,2,cautious,-0.010689733614999575,0.0,0.0,188278.8392094586
2022-05-03,2,cautious,0.004866785969049414,0.0,0.0,189195.1520223921
2022-05-04,2,cautious,0.014286446934925732,0.0,0.0,191898.0785221052
2022-05-05,2,cautious,-0.02276552604950003,0.0,0.0,187529.41781666124
2022-05-06,2,cautious,-0.007188043651114163,0.0,0.0,186181.44817552707
2022-05-09,2,cautious,-0.010429991434725248,0.0,0.0,184239.57726575158
2022-05-10,2,cautious,0.0017872913985287125,0.0,0.0,184568.8670774672
2022-05-11,2,cautious,0.005393284135748466,0.0,0.0,185564.2994202292
2022-05-12,2,cautious,-0.005659446264513191,0.0,0.0,184514.10823904836
2022-05-13,2,cautious,-0.0011728410456787746,0.0,0.0,184297.7025193988
2022-05-16,2,cautious,0.0012304358581368023,0.0,0.0,184524.46902115087
2022-05-17,2,cautious,-0.0005462377775877223,0.0,0.0,184423.6747852822
2022-05-18,2,cautious,-0.003406947629138012,0.0,0.0,183795.35298371557
2022-05-19,2,cautious,0.0035298657574713618,0.0,0.0,184444.12590659515
2022-05-20,2,cautious,0.0048804315128729405,0.0,0.0,185344.29283103402
2022-05-23,2,cautious,0.0004263593707445996,0.0,0.0,185423.31610709656
2022-05-24,2,cautious,0.007859410221786002,0.0,0.0,186880.63401306613
2022-05-25,2,cautious,0.002423201571048461,0.0,0.0,187333.4834590051
2022-05-26,2,cautious,0.0036296412393936987,0.0,0.0,188013.43679608716
2022-05-27,2,cautious,0.008497604659626212,0.0,0.0,189611.1006526779
2022-05-31,2,cautious,-0.013116214206566747,0.0,0.0,187124.1208405745
2022-06-01,2,cautious,-0.0009730321692686731,0.0,0.0,186942.04305135048
2022-06-02,2,cautious,0.009612221585815029,0.0,0.0,188738.97139286503
2022-06-03,2,cautious,-0.00882895719093606,0.0,0.0,187072.60309417616
2022-06-06,2,cautious,-0.007785061814275085,0.0,0.0,185616.23131533066
2022-06-07,2,cautious,0.009153099052750325,0.0,0.0,187315.1950663581
2022-06-08,2,cautious,-0.007083322988673646,0.0,0.0,185988.38103901668
2022-06-09,2,cautious,-0.006757652521999868,0.0,0.0,184731.5361868257
2022-06-10,2,cautious,-0.007155787170403649,0.0,0.0,183409.63663021103
2022-06-13,2,cautious,-0.03186588310597367,0.0,0.0,177565.12658884362
2022-06-14,2,cautious,-0.008350365408830718,0.0,0.0,176082.39289796152
2022-06-15,2,cautious,0.015654791137670498,0.0,0.0,178838.92598180033
2022-06-16,2,cautious,-0.0033799940725722003,0.0,0.0,178234.45147203666
2022-06-17,2,cautious,-0.0005312773946757772,0.0,0.0,178139.75953701715
2022-06-21,2,cautious,-0.00034979831658001927,0.0,0.0,178077.44654901515
2022-06-22,2,cautious,0.011651865165048602,0.0,0.0,180152.3809451404
2022-06-23,2,cautious,0.004387838747877148,0.0,0.0,180942.86054277382
2022-06-24,2,cautious,0.003701637358935082,0.0,0.0,181612.64539519156
2022-06-27,2,cautious,-0.004892588779768659,0.0,0.0,180724.08940406694
2022-06-28,2,cautious,-0.004760347616330563,0.0,0.0,179863.7799158588
2022-06-29,2,cautious,0.005768951225772634,0.0,0.0,180901.40528947648
2022-06-30,2,cautious,-0.0007475317324061811,0.0,0.0,180766.17574858572
2022-07-01,2,cautious,0.007030195454143862,0.0,0.0,182036.9972955964
2022-07-05,2,cautious,-0.0026535153105940127,0.0,0.0,181553.95933617797
2022-07-06,2,cautious,-0.01045572905981821,0.0,0.0,179655.68032762164
2022-07-07,2,cautious,0.0011395629409232553,0.0,0.0,179860.40928304935
2022-07-08,2,cautious,-0.004547729969873304,0.0,0.0,179042.45270935918
2022-07-11,2,cautious,0.0018626183360774488,0.0,0.0,179375.9404647119
2022-07-12,2,cautious,-0.0013928508347911038,0.0,0.0,179126.09653629418
2022-07-13,2,cautious,0.004447236554484035,0.0,0.0,179922.71266067243
2022-07-14,2,cautious,-0.008206284159116194,0.0,0.0,178446.21575389995
2022-07-15,2,cautious,0.007380388873843336,0.0,0.0,179763.21821922946
2022-07-18,2,cautious,-0.0063614611086529,0.0,0.0,178619.66149776155
2022-07-19,2,cautious,0.006664154957540424,0.0,0.0,179810.01060044605
2022-07-20,2,cautious,0.0001411500959618505,0.0,0.0,179835.3908006972
2022-07-21,2,cautious,0.014198508633024565,0.0,0.0,182388.78514950426
2022-07-22,2,cautious,0.004689752544801151,0.0,0.0,183244.1434188023
2022-07-25,2,cautious,-0.004371123619061312,0.0,0.0,182443.1606154497
2022-07-26,2,cautious,-0.003598394698155871,0.0,0.0,181786.6581135763
2022-07-27,2,cautious,0.008598334168180899,0.0,0.0,183349.72054735365
2022-07-28,2,cautious,0.010602555344304144,0.0,0.0,185293.69610681964
2022-07-29,2,cautious,0.004130030645518934,0.0,0.0,186058.9647501623
2022-08-01,2,cautious,0.010445076276068888,0.0,0.0,188002.36482882415
2022-08-02,2,cautious,-0.01222446601290844,0.0,0.0,185704.1363096278
2022-08-03,2,cautious,0.011727053787632146,0.0,0.0,187881.89870471656
2022-08-04,2,cautious,0.004625398093557931,0.0,0.0,188750.9272807994
2022-08-05,2,cautious,-0.013402293562119338,0.0,0.0,186221.2319432599
2022-08-08,2,cautious,0.008649361988755678,0.0,0.0,187831.9267883292
2022-08-09,2,cautious,-0.001828259707698576,0.0,0.0,187488.52124476273
2022-08-10,2,cautious,0.0029349876983525863,0.0,0.0,188038.79774819844
2022-08-11,2,cautious,-0.010115150247842254,0.0,0.0,186136.75705655178
2022-08-12,2,cautious,0.011894382525629597,0.0,0.0,188350.7388470626
2022-08-15,2,cautious,-0.0029699764424668484,0.0,0.0,187791.3415897656
2022-08-16,2,cautious,0.001725633756759826,0.0,0.0,188115.40066804012
2022-08-17,2,cautious,-0.008244820071700753,0.0,0.0,186564.4230368162
2022-08-18,2,cautious,0.0006795861235453616,0.0,0.0,186691.20962985928
2022-08-19,2,cautious,-0.012668438079075283,0.0,0.0,184326.12360075576
2022-08-22,2,cautious,-0.00958263457767421,0.0,0.0,182559.7937151705
2022-08-23,2,cautious,-0.000829774599160771,0.0,0.0,182408.31023551762
2022-08-24,2,cautious,-0.0010825529279336224,0.0,0.0,182210.84358519275
2022-08-25,2,cautious,0.010728595716323543,0.0,0.0,184165.71006114854
2022-08-26,2,cautious,-0.01078536710652902,0.0,0.0,182179.41526970445
2022-08-29,2,cautious,-0.005107533405733688,0.0,0.0,181248.9278203774
2022-08-30,2,cautious,-0.004801586588137274,0.0,0.0,180378.6453994408
2022-08-31,2,cautious,-0.008424564331758921,0.0,0.0,178859.03389719772
2022-09-01,2,cautious,-0.009019074939307925,0.0,0.0,177245.89086690664
2022-09-02,2,cautious,0.001740902291933122,0.0,0.0,177554.45864455256
2022-09-06,2,cautious,-0.01279129363640409,0.0,0.0,175283.30742757733
2022-09-07,2,cautious,0.014766235547261574,0.0,0.0,177871.582032556
2022-09-08,2,cautious,-0.0039428651706161725,0.0,0.0,177170.25836691743
2022-09-09,2,cautious,0.007134032456449346,0.0,0.0,178434.19674042452
2022-09-12,2,cautious,0.001458084808043702,0.0,0.0,178694.36893192722
2022-09-13,2,cautious,-0.016017194827002555,0.0,0.0,175832.18641025625
2022-09-14,2,cautious,0.0013649873150481937,0.0,0.0,176072.19511428342
2022-09-15,2,cautious,-0.009268867526340374,0.0,0.0,174440.20526269716
2022-09-16,2,cautious,-0.003958224009063649,0.0,0.0,173749.73185408037
2022-09-19,2,cautious,0.0034914719594133503,0.0,0.0,174356.37417080445
2022-09-20,2,cautious,-0.009143561946125733,0.0,0.0,172762.1358628718
2022-09-21,2,cautious,0.0028609261868585154,0.0,0.0,173256.39558145954
2022-09-22,2,cautious,-0.01291269626671825,0.0,0.0,171019.18836904978
2022-09-23,2,cautious,-0.008575713411131468,0.0,0.0,169552.57682179246
2022-09-26,2,cautious,-0.014101973714691074,0.0,0.0,167161.55084019343
2022-09-27,2,cautious,-0.010683265387466102,0.0,0.0,165375.71962998726
2022-09-28,2,cautious,0.025531755256658916,0.0,0.0,169598.05202897394
2022-09-29,2,cautious,-0.00839520452196668,0.0,0.0,168174.24169566354
2022-09-30,2,cautious,-0.00978401429722432,0.0,0.0,166528.82251048833
2022-10-03,2,cautious,0.021568922083708062,0.0,0.0,170120.6697079087
2022-10-04,2,cautious,0.012477328715539037,0.0,0.0,172243.32122516196
2022-10-05,2,cautious,-0.006184525325216961,0.0,0.0,171178.07804294545
2022-10-06,2,cautious,-0.005655957593476512,0.0,0.0,170209.90209260173
2022-10-07,2,cautious,-0.01554003151463632,0.0,0.0,167564.83484997955
2022-10-10,2,cautious,-0.013069581972459453,0.0,0.0,165374.8325052061
2022-10-11,2,cautious,-0.0007470104503610741,0.0,0.0,165251.295777098
2022-10-12,2,cautious,0.0025778208927136562,0.0,0.0,165677.2840199002
2022-10-13,2,cautious,0.0020136884311549134,0.0,0.0,166010.90645003627
2022-10-14,2,cautious,-0.01387421710586979,0.0,0.0,163707.63509200624
2022-10-17,2,cautious,0.006623966511650403,0.0,0.0,164792.02898455717
2022-10-18,2,cautious,0.005108107623055868,0.0,0.0,165633.80440403204
2022-10-19,2,cautious,-0.013427805254948431,0.0,0.0,163409.70593485847
2022-10-20,2,cautious,-0.009827490771413074,0.0,0.0,161803.7985578243
2022-10-21,2,cautious,0.005429554950723591,0.0,0.0,162682.3211733298
2022-10-24,2,cautious,-0.0006077989698982105,0.0,0.0,162583.4430261
2022-10-25,2,cautious,0.017118789419100743,0.0,0.0,165366.67475029617
2022-10-26,2,cautious,0.005412030489223852,0.0,0.0,166261.64423594633
2022-10-27,2,cautious,0.002121609252095191,0.0,0.0,166614.38647862588
2022-10-28,2,cautious,0.0013244548124154423,0.0,0.0,166835.05970461512
2022-10-31,2,cautious,-0.007466571605514271,0.0,0.0,165589.37378502038
2022-11-01,2,cautious,0.005486368966979727,0.0,0.0,166497.8581866161
2022-11-02,2,cautious,-0.011356726264326933,0.0,0.0,164606.987587594
2022-11-03,2,cautious,-0.006389465776241088,0.0,0.0,163555.2368738729
2022-11-04,2,cautious,0.006806533242179591,0.0,0.0,164668.48103058746
2022-11-07,2,cautious,-0.002309804312121833,0.0,0.0,164288.12906303248
2022-11-08,2,cautious,0.012922285703794945,0.0,0.0,166411.10720452692
2022-11-09,2,cautious,-0.006370701754271079,0.0,0.0,165350.95167192884
2022-11-10,2,cautious,0.041008942874087496,0.0,0.0,172131.81940321895
2022-11-11,2,cautious,0.0034198262276990076,0.0,0.0,172720.48031383564
2022-11-14,2,cautious,-0.002876399533393725,0.0,0.0,172223.66720485338
2022-11-15,2,cautious,0.01008583781852266,0.0,0.0,173960.68718079277
2022-11-16,2,cautious,0.005769995328988687,0.0,0.0,174964.4395332536
2023-02-14,2,cautious,-0.0008327107621548868,0.0,0.0,174818.74476145988
2023-02-15,2,cautious,-0.005745237129387315,0.0,0.0,173814.36961814342
2023-02-16,2,cautious,-0.010043694263582793,0.0,0.0,172068.63123108144
2023-02-17,2,cautious,0.0032571594720823384,0.0,0.0,172629.08620314396
2023-02-21,2,cautious,-0.014914348054338267,0.0,0.0,170054.43592720793
2023-02-22,2,cautious,0.001564296067167348,0.0,0.0,170320.45141253324
2023-02-23,2,cautious,0.005345506353952368,0.0,0.0,171230.90046776697
2023-02-24,2,cautious,-0.010563380488609685,0.0,0.0,169422.1233147187
2023-02-27,2,cautious,0.003307067822420495,0.0,0.0,169982.41376713896
2023-02-28,2,cautious,0.0020752975680137786,0.0,0.0,170335.177857035
2023-03-01,2,cautious,-0.003716531836304704,0.0,0.0,169702.12174568672
2023-03-02,2,cautious,-0.0013893061691526158,0.0,0.0,169466.35354102714
2023-03-03,2,cautious,0.017718672878466714,0.0,0.0,172469.0724233272
2023-03-06,2,cautious,-0.00440664334419878,0.0,0.0,171709.0627332528
2023-03-07,2,cautious,-0.0073897959994124185,0.0,0.0,170440.16778840375
2023-03-08,2,cautious,0.000740529210504337,0.0,0.0,170566.3837112943
2023-03-09,2,cautious,-0.001597989407979472,0.0,0.0,170293.82043676628
2023-03-10,2,cautious,0.015934480735346614,0.0,0.0,173007.3640378645
2023-03-13,2,cautious,0.007365978324716427,0.0,0.0,174281.73253138372
2023-03-14,2,cautious,-0.0033549384334415795,0.0,0.0,173697.0280486674
2023-03-15,2,cautious,0.008189111456389031,0.0,0.0,175119.45237100145
2023-03-16,2,cautious,0.002740407184544624,0.0,0.0,175599.3509764325
2023-03-17,2,cautious,0.011231898556702735,0.0,0.0,177571.66507322263
2023-03-20,2,cautious,-0.0005200042886346351,0.0,0.0,177479.32704584458
2023-03-21,2,cautious,-0.0051601993002827525,0.0,0.0,176563.49834660793
2023-03-22,2,cautious,0.005325568111847024,0.0,0.0,177503.79928311877
2023-03-23,0,aggressive,0.0045724549491429345,0.0,0.0,178315.4274086425
2023-03-24,2,cautious,0.0035139990304309918,0.0008,0.8,178942.0276476674
2023-03-27,2,cautious,-0.01241226862715742,0.0008,0.8,176720.9511318163
2023-03-28,2,cautious,0.0025116328966393042,0.0,0.0,177164.80928620437
2023-03-29,2,cautious,0.0020686243837928168,0.0,0.0,177531.29673064384
2023-03-30,2,cautious,0.00630907179898672,0.0,0.0,178651.35442828466
2023-03-31,2,cautious,0.008657034290618783,0.0,0.0,180197.9453296358
2023-04-03,0,aggressive,0.005185671706309592,0.0,0.0,181132.39271626683
2023-04-04,0,aggressive,-0.0018253264525009412,0.0008,0.8,180801.76696843703
2023-04-05,0,aggressive,0.00017836873180718783,0.0,0.0,180834.01635031967
2023-04-06,0,aggressive,0.00253454418700173,0.0,0.0,181292.34815527254
2023-04-10,0,aggressive,-0.0032464476075102053,0.0,0.0,180703.79204534396
2023-04-11,0,aggressive,0.0012321391125273084,0.0,0.0,180926.44425530505
2023-04-12,0,aggressive,-0.0025703213144535157,0.0,0.0,180461.40515928736
2023-04-13,0,aggressive,0.009077831334117303,0.0,0.0,182099.60335764117
2023-04-14,0,aggressive,-0.005310249823084944,0.0,0.0,181132.60897112743
2023-04-17,0,aggressive,-0.00031273901194044356,0.0,0.0,181075.96173796762
2023-04-18,0,aggressive,0.0015572830024379366,0.0,0.0,181357.94825533225
2023-04-19,0,aggressive,-0.0007880674663545139,0.0,0.0,181215.0259565474
2023-04-20,0,aggressive,-0.0017162153276880645,0.0,0.0,180904.0219513934
2023-04-21,0,aggressive,-0.001568985768455755,0.0,0.0,180620.18611549525
2023-04-24,0,aggressive,0.002969210655386489,0.0,0.0,181156.48549668727
2023-04-25,0,aggressive,-0.0076622205942421424,0.0,0.0,179768.42454273402
2023-04-26,0,aggressive,-0.005640323167348726,0.0,0.0,178754.47253302782
2023-04-27,0,aggressive,0.01195656164536074,0.0,0.0,180891.76140325292
2023-04-28,0,aggressive,0.009227743287652945,0.0,0.0,182560.9841403335
2023-05-01,0,aggressive,-0.006922664130363265,0.0,0.0,181297.17576382137
2023-05-02,0,aggressive,-0.0009538856085820496,0.0,0.0,181124.2389969837
2023-05-03,0,aggressive,-0.002840638724590871,0.0,0.0,180609.73046972684
2023-05-04,0,aggressive,-0.006230535142515059,0.0,0.0,179484.43519695502
2023-05-05,0,aggressive,0.010729012986681219,0.0,0.0,181410.1260330903
2023-05-08,0,aggressive,-0.0024936524976799657,0.0,0.0,180957.75221920345
2023-05-09,0,aggressive,-0.0030766941131506464,0.0,0.0,180401.00056822167
2023-05-10,0,aggressive,0.00506860014105468,0.0,0.0,181315.38110514815
2023-05-11,0,aggressive,3.5207623935173916e-05,0.0,0.0,181321.76478889977
2023-05-12,0,aggressive,-0.002761966474337152,0.0,0.0,180820.96015348518
2023-05-15,0,aggressive,0.0005577729172568269,0.0,0.0,180921.81718793116
2023-05-16,0,aggressive,-0.006528607260295048,0.0,0.0,179740.6496986923
2023-05-17,0,aggressive,0.007567852056944612,0.0,0.0,181100.9003442311
2023-05-18,0,aggressive,0.003964148077749441,0.0,0.0,181818.8111302094
2023-05-19,0,aggressive,-0.001443006824491233,0.0,0.0,181556.4453449276
2023-05-22,0,aggressive,-0.0006618664208618784,0.0,0.0,181436.27923026276
2023-05-23,0,aggressive,-0.0071603488774029,0.0,0.0,180137.13217195618
2023-05-24,0,aggressive,-0.006868050645870349,0.0,0.0,178899.94122499734
2023-05-25,0,aggressive,0.00460273563093373,0.0,0.0,179723.37035884557
2023-05-26,0,aggressive,0.011080501614026983,0.0,0.0,181714.79545418514
2023-05-30,0,aggressive,0.002884040758699413,0.0,0.0,182238.86833073373
2023-05-31,0,aggressive,-0.001984425648584953,0.0,0.0,181877.22884624914
2023-06-01,0,aggressive,0.008225240263211829,0.0,0.0,183373.21275191673
2023-06-02,0,aggressive,0.006456284259506983,0.0,0.0,184557.12233902214
2023-06-05,0,aggressive,-0.001111859752178279,0.0,0.0,184351.92070271552
2023-06-06,0,aggressive,0.0028128982478652365,0.0,0.0,184870.4838974508
2023-06-07,0,aggressive,-0.006590248148948174,0.0,0.0,183652.14153315048
2023-06-08,0,aggressive,0.007894605571080793,0.0,0.0,185102.00275283898
2023-06-09,0,aggressive,0.0007131044274371388,0.0,0.0,185233.9998105295
2023-06-12,0,aggressive,0.006851004125342308,0.0,0.0,186503.0387073851
2023-06-13,0,aggressive,0.0019023393371586424,0.0,0.0,186857.8307744178
2023-06-14,0,aggressive,0.0024895208632465414,0.0,0.0,187323.01724259168
2023-06-15,0,aggressive,0.01130268484621073,0.0,0.0,189440.270270926
2023-06-16,0,aggressive,-0.00331503092625276,0.0,0.0,188812.2699163002
2023-06-20,0,aggressive,-0.003282796609238103,0.0,0.0,188192.43763683643
2023-06-21,0,aggressive,-0.0032472567946662976,0.0,0.0,187581.3284650154
2023-06-22,0,aggressive,-0.0008789342198716411,0.0,0.0,187416.4568164185
2023-06-23,0,aggressive,-0.0030222467152792084,0.0,0.0,186850.03804541583
2023-06-26,0,aggressive,-0.002473224692543263,0.0,0.0,186387.91591751925
2023-06-27,0,aggressive,0.006692877401834151,0.0,0.0,187635.3873879386
2023-06-28,0,aggressive,0.0009753697531345584,0.0,0.0,187818.40126941446
2023-06-29,0,aggressive,-0.0009578495252258398,0.0,0.0,187638.4995029299
2023-06-30,0,aggressive,0.01128566950070775,0.0,0.0,189756.12559392868
2023-07-03,0,aggressive,-0.00021625180585043146,0.0,0.0,189715.0904890978
2023-07-05,0,aggressive,-0.003294431752026039,0.0,0.0,189090.08707115203
2023-07-06,0,aggressive,-0.008608191480421013,0.0,0.0,187462.36339459405
2023-07-07,0,aggressive,-0.0022210475182990685,0.0,0.0,187046.000577602
2023-07-10,0,aggressive,0.0021125070327180583,0.0,0.0,187441.136569264
2023-07-11,0,aggressive,0.005861010182892223,0.0,0.0,188539.73097938934
2023-07-12,0,aggressive,0.009212569777685564,0.0,0.0,190276.666406903
2023-07-13,0,aggressive,0.007729795111709326,0.0,0.0,191747.4660527674
2023-07-14,0,aggressive,-0.0019323805807006653,0.0,0.0,191376.93697296848
2023-07-17,0,aggressive,0.0026007977078241983,0.0,0.0,191874.6696719782
2023-07-18,0,aggressive,0.007255016605845287,0.0,0.0,193266.72358668948
2023-07-19,0,aggressive,0.0038322410290143162,0.0,0.0,194007.3682543616
2023-07-20,0,aggressive,-0.007578827347349802,0.0,0.0,192537.01990624805
2023-07-21,0,aggressive,-0.00024746999366082045,0.0,0.0,192489.37277115238
2023-07-24,0,aggressive,0.0019715343171887055,0.0,0.0,192868.87217526484
2023-07-25,0,aggressive,0.0020928330222207635,0.0,0.0,193272.5145199117
2023-07-26,0,aggressive,0.0007932064122894155,0.0,0.0,193425.81951774817
2023-07-27,0,aggressive,-0.010102594841853151,0.0,0.0,191471.71683120696
2023-07-28,0,aggressive,0.008678413491495474,0.0,0.0,193133.3875617947
2023-07-31,0,aggressive,0.0020832020991468744,0.0,0.0,193535.7234401788
2023-08-01,0,aggressive,-0.006316977021270398,0.0,0.0,192313.1627224122
2023-08-02,0,aggressive,-0.012353891630135349,0.0,0.0,189937.34675109095
2023-08-03,0,aggressive,-0.0066538166943683075,0.0,0.0,188673.53846239453
2023-08-04,0,aggressive,0.000738509597118686,0.0,0.0,188812.8756812713
2023-08-07,0,aggressive,0.003914251242567378,0.0,0.0,189551.93671451946
2023-08-08,0,aggressive,-0.0013556766647832455,0.0,0.0,189294.96557715113
2023-08-09,0,aggressive,-0.004121095729889389,0.0,0.0,188514.86290282157
2023-08-10,0,aggressive,-0.0031481724519015646,0.0,0.0,187921.3856046569
2023-08-11,0,aggressive,-0.0008684321348450762,0.0,0.0,187758.18863457322
2023-08-14,0,aggressive,0.0031196930935308287,0.0,0.0,188343.93655891035
2023-08-15,0,aggressive,-0.00963887617804312,0.0,0.0,186528.5126755338
2023-08-16,0,aggressive,-0.007279113648651147,0.0,0.0,185170.75043305472
2023-08-17,0,aggressive,-0.006340072203742042,0.0,0.0,183996.75450528806
2023-08-18,0,aggressive,0.0010602001490601198,0.0,0.0,184191.82789184115
2023-08-21,0,aggressive,0.0021621808175343203,0.0,0.0,184590.08392885546
2023-08-22,0,aggressive,-0.00019632109408311853,0.0,0.0,184553.84500162167
2023-08-23,0,aggressive,0.013768454195414592,0.0,0.0,187094.86616311414
2023-08-24,0,aggressive,-0.011042798493798543,0.0,0.0,185028.81525685068
2023-08-25,0,aggressive,0.005458900116490139,0.0,0.0,186038.86907801032
2023-08-28,0,aggressive,0.004936069915402851,0.0,0.0,186957.16994276186
2023-08-29,0,aggressive,0.013172280729337935,0.0,0.0,189419.82226961048
2023-08-30,0,aggressive,0.0029257562815093504,0.0,0.0,189974.01850445813
2023-08-31,0,aggressive,-0.00029683867483673034,0.0,0.0,189917.62686855186
2023-09-01,0,aggressive,-0.0017601336781600584,0.0,0.0,189583.34645742428
2023-09-05,0,aggressive,-0.0066458474290085005,0.0,0.0,188323.4044617874
2023-09-06,0,aggressive,-0.004667280746418644,0.0,0.0,187444.44626204288
2023-09-07,0,aggressive,-0.0014875872007377167,0.0,0.0,187165.60630293412
2023-09-08,0,aggressive,0.0018537067405558713,0.0,0.0,187512.5564489381
2023-09-11,0,aggressive,0.0033478388728472638,0.0,0.0,188140.3182745648
2023-09-12,0,aggressive,-0.00320287397203054,0.0,0.0,187537.72854607366
2023-09-13,0,aggressive,0.0005428353992205982,0.0,0.0,187639.5306638179
2023-09-14,0,aggressive,0.00464297536986038,0.0,0.0,188510.73638310216
2023-09-15,0,aggressive,-0.008992474518847549,0.0,0.0,186815.55838964792
2023-09-18,0,aggressive,0.0021395443404955026,0.0,0.0,187215.258560317
2023-09-19,0,aggressive,-0.003022479804238953,0.0,0.0,186649.40422227306
2023-09-20,0,aggressive,-0.005737693714220104,0.0,0.0,185578.467108904
2023-09-21,0,aggressive,-0.01742953361874716,0.0,0.0,182343.9209775138
2023-09-22,0,aggressive,0.0003556724650152442,0.0,0.0,182408.77568936843
2023-09-25,0,aggressive,-0.002493123640083594,0.0,0.0,181954.00805853854
2023-09-26,0,aggressive,-0.011778210435223035,0.0,0.0,179810.9154620928
2023-09-27,0,aggressive,-0.0019924616875679033,0.0,0.0,179452.64910202808
2023-09-28,0,aggressive,0.0041692955552652955,0.0,0.0,180200.84023430973
2023-09-29,0,aggressive,-0.002703862505325316,0.0,0.0,179713.60193897208
2023-10-02,0,aggressive,-0.004676308382445881,0.0,0.0,178873.2057157853
2023-10-03,0,aggressive,-0.013961352045725416,0.0,0.0,176375.89391923975
2023-10-04,0,aggressive,0.007907089639704202,0.0,0.0,177770.51392274216
2023-10-05,0,aggressive,-0.0014439433023477387,0.0,0.0,177513.82337980848
2023-10-06,0,aggressive,0.006402696001800301,0.0,0.0,178650.39042702664
2023-10-09,0,aggressive,0.011014148579041571,0.0,0.0,180618.0723708937
2023-10-10,0,aggressive,0.0031990605550639706,0.0,0.0,181195.88052174714
2023-10-11,0,aggressive,0.007774999648671276,0.0,0.0,182604.6784291444
2023-10-12,0,aggressive,-0.009998125664576361,0.0,0.0,180778.97390727027
2023-10-13,0,aggressive,0.00330675587051783,0.0,0.0,181376.76584050432
2023-10-16,0,aggressive,0.0036596896036001476,0.0,0.0,182040.5485047854
2023-10-17,0,aggressive,-0.0020508181699560365,0.0,0.0,181667.21644024304
2023-10-18,0,aggressive,-0.009640054801034968,0.0,0.0,179915.93451820762
2023-10-19,0,aggressive,-0.009017695425008953,0.0,0.0,178293.50741861656
2023-10-20,0,aggressive,-0.00719309412248591,0.0,0.0,177011.02543832632
2023-10-23,0,aggressive,0.0008518815353047214,0.0,0.0,177161.81786244258
2023-10-24,0,aggressive,0.007902000273270381,0.0,0.0,178561.75059560468
2023-10-25,0,aggressive,-0.014078008719957678,0.0,0.0,176047.95671366886
2023-10-26,0,aggressive,-0.005156548517631497,0.0,0.0,175140.15688344496
2023-10-27,0,aggressive,-0.0028597881872715943,0.0,0.0,174639.29313167278
2023-10-30,0,aggressive,0.006904238548833009,0.0,0.0,175845.0444714534
2023-10-31,0,aggressive,0.00287415705107884,0.0,0.0,176350.45074591832
2023-11-01,0,aggressive,0.011486665905373925,0.0,0.0,178376.12945589877
2023-11-02,0,aggressive,0.018306821231382542,0.0,0.0,181641.62936979387
2023-11-03,0,aggressive,0.008106053957469328,0.0,0.0,183114.02621838805
2023-11-06,0,aggressive,-0.0011089904759419287,0.0,0.0,182910.95450730048
2023-11-07,0,aggressive,0.0045278347769375,0.0,0.0,183739.14508820148
2023-11-08,0,aggressive,0.0029227053471924114,0.0,0.0,184276.16047003935
2023-11-09,0,aggressive,-0.009661083674807313,0.0,0.0,182495.8530644661
2023-11-10,0,aggressive,0.010952170935417305,0.0,0.0,184494.5788422329
2023-11-13,0,aggressive,-0.000564549023015959,0.0,0.0,184390.42260799577
2023-11-14,0,aggressive,0.019005952207155265,0.0,0.0,187894.93816754053
2023-11-15,0,aggressive,-0.0015885910623147147,0.0,0.0,187596.4499481134
2023-11-16,0,aggressive,0.004470214804284267,0.0,0.0,188435.04637590266
2023-11-17,0,aggressive,0.0017969416997218432,0.0,0.0,188773.65316842453
2023-11-20,0,aggressive,0.006446629871321552,0.0,0.0,189990.6070398586
2023-11-21,0,aggressive,-0.0005339793391619162,0.0,0.0,189889.15598106448
2023-11-22,0,aggressive,0.002982987853495311,0.0,0.0,190455.59302686647
2023-11-24,0,aggressive,-0.0014040328899892483,0.0,0.0,190188.18711017436
2023-11-27,0,aggressive,0.002753916444626247,0.0,0.0,190711.9494862307
2023-11-28,0,aggressive,0.0024204574352872485,0.0,0.0,191173.5596423628
2023-11-29,0,aggressive,0.002169797659579997,0.0,0.0,191588.3675846484
2023-11-30,0,aggressive,2.9213240160397042e-05,0.0,0.0,191593.9645016426
2023-12-01,0,aggressive,0.009635099000398715,0.0,0.0,193439.99131749477
2023-12-04,0,aggressive,-0.006631755594698419,0.0,0.0,192157.14457283655
2023-12-05,0,aggressive,0.0037813110845545607,0.0,0.0,192883.75051358616
2023-12-06,0,aggressive,0.00021140761987488145,0.0,0.0,192924.5276081948
2023-12-07,0,aggressive,0.004358865804655742,0.0,0.0,193765.45973446555
2023-12-08,0,aggressive,3.8776166785514784e-05,0.0,0.0,193772.9732162495
2023-12-11,0,aggressive,0.0011953570077945395,0.0,0.0,194004.6010977047
2023-12-12,0,aggressive,0.003736162550355426,0.0,0.0,194729.43382292258
2023-12-13,0,aggressive,0.01660183629870149,0.0,0.0,197962.30000578956
2023-12-14,0,aggressive,0.00803532440451613,0.0,0.0,199552.99130620025
2023-12-15,0,aggressive,-0.001847041956799644,0.0,0.0,199184.4085586528
2023-12-18,0,aggressive,0.002798563452699088,0.0,0.0,199741.8387647925
2023-12-19,0,aggressive,0.006015653974425539,0.0,0.0,200943.41655101703
2023-12-20,0,aggressive,-0.008889610227695254,0.0,0.0,199157.10790005705
2023-12-21,0,aggressive,0.006078762882363375,0.0,0.0,200367.73673531876
2023-12-22,0,aggressive,0.0009405469647198793,0.0,0.0,200556.19200193297
2023-12-26,0,aggressive,0.004286471715700446,0.0,0.0,201415.87044635788
2023-12-27,0,aggressive,0.005263425710354297,0.0,0.0,202476.00791733863
2023-12-28,0,aggressive,-0.0017697227298264172,0.0,0.0,202117.68152388275
2023-12-29,0,aggressive,-0.003987138446438887,0.0,0.0,201311.81034517378
2024-01-02,0,aggressive,-0.005305824485619504,0.0,0.0,200243.6852126
2024-01-03,0,aggressive,-0.005716172176599332,0.0,0.0,199099.057830648
2024-01-04,0,aggressive,-0.005193250079649603,0.0,0.0,198065.08663271082
2024-01-05,0,aggressive,-0.0009385942062591689,0.0,0.0,197879.18388993514
2024-01-08,0,aggressive,0.01118474813713367,0.0,0.0,200092.41272332563
2024-01-09,0,aggressive,-0.002305099168186486,0.0,0.0,199631.17986919667
2024-01-10,0,aggressive,0.002798354054703933,0.0,0.0,200189.81859082895
2024-01-11,0,aggressive,0.0010119184053173247,0.0,0.0,200392.3943528181
2024-01-12,0,aggressive,0.0010713713390888113,0.0,0.0,200607.08902069915
2024-01-16,0,aggressive,-0.007041151085112818,0.0,0.0,199194.58419815972
2024-01-17,0,aggressive,-0.005309119132151296,0.0,0.0,198137.03642017234
2024-01-18,0,aggressive,0.0051891792590401005,0.0,0.0,199165.2050200116
2024-01-19,0,aggressive,0.009664874392140275,0.0,0.0,201090.1117098149
2024-01-22,0,aggressive,0.0022926009396724177,0.0,0.0,201551.13108887966
2024-01-23,0,aggressive,0.0008466817358776079,0.0,0.0,201721.78075041808
2024-01-24,0,aggressive,-0.0012309331564396508,0.0,0.0,201473.47472211634
2024-01-25,0,aggressive,0.005511206589270378,0.0,0.0,202583.83666356807
2024-01-26,0,aggressive,-0.0013419870988237046,0.0,0.0,202311.97176833535
2024-01-29,0,aggressive,0.008552653741225425,0.0,0.0,204042.2760105745
2024-01-30,0,aggressive,0.0014098699358298106,0.0,0.0,204329.9490811601
2024-01-31,0,aggressive,-0.009532243380002069,0.0,0.0,202382.22627669503
2024-02-01,0,aggressive,0.014124942515405635,0.0,0.0,205240.86358899315
2024-02-02,0,aggressive,0.0020060936718593768,0.0,0.0,205652.595986646
2024-02-05,0,aggressive,-0.007138980803153528,0.0,0.0,204184.44605177862
2024-02-06,0,aggressive,0.004509542027380452,0.0,0.0,205105.2243925865
2024-02-07,0,aggressive,0.0048439263531365176,0.0,0.0,206098.73899418773
2024-02-08,0,aggressive,-0.0009439909676853819,0.0,0.0,205904.18364612586
2024-02-09,0,aggressive,0.0032539047808998185,0.0,0.0,206574.17625369923
2024-02-12,0,aggressive,-0.0003340407516435051,0.0,0.0,206505.17206059332
2024-02-13,0,aggressive,-0.014446980352519677,0.0,0.0,203521.79589714023
2024-02-14,0,aggressive,0.007319541838956311,0.0,0.0,205011.48219734887
2024-02-15,0,aggressive,0.006536525466249853,0.0,0.0,206351.54497160547
2024-02-16,0,aggressive,-0.004277357949729943,0.0,0.0,205468.90555028213
2024-02-20,0,aggressive,-0.003074885235971214,0.0,0.0,204837.1122461544
2024-02-21,0,aggressive,-0.0007823676254068878,0.0,0.0,204676.85432105119
2024-02-22,0,aggressive,0.015505921662140884,0.0,0.0,207850.55759020685
2024-02-23,0,aggressive,0.0037252058126759466,0.0,0.0,208624.84369550983
2024-02-26,0,aggressive,-0.0033829819436445026,0.0,0.0,207919.06961629225
2024-02-27,0,aggressive,-0.00021629030790450975,0.0,0.0,207874.09873670572
2024-02-28,0,aggressive,0.0005254226018682528,0.0,0.0,207983.320486525
2024-02-29,0,aggressive,0.004442946873974063,0.0,0.0,208907.37933011932
2024-03-01,0,aggressive,0.009709180095520796,0.0,0.0,210935.69869931872
2024-03-04,0,aggressive,6.225760778044709e-05,0.0,0.0,210948.83105131524
2024-03-05,0,aggressive,-0.003545461057170362,0.0,0.0,210200.92018576717
2024-03-06,0,aggressive,0.005542189624323956,0.0,0.0,211365.8935446441
2024-03-07,0,aggressive,0.007329389095678728,0.0,0.0,212915.07641998856
2024-03-08,0,aggressive,-0.0037108442322132283,0.0,0.0,212124.9817367042
2024-03-11,0,aggressive,-0.0005228061263392702,0.0,0.0,212014.08149670268
2024-03-12,0,aggressive,0.004763869845034052,0.0,0.0,213024.08898626742
2024-03-13,0,aggressive,-0.0013662136977728888,0.0,0.0,212733.05255793882
2024-03-14,0,aggressive,-0.004872669418614549,0.0,0.0,211696.47471841122
2024-03-15,0,aggressive,-0.005190521364144529,0.0,0.0,210597.6596436712
2024-03-18,0,aggressive,0.003717821041630786,0.0,0.0,211380.62405401267
2024-03-19,0,aggressive,0.004336202923424848,0.0,0.0,212297.21333399107
2024-03-20,0,aggressive,0.007601044424209657,0.0,0.0,213910.89388367863
2024-03-21,0,aggressive,0.002640163653127569,0.0,0.0,214475.65365071833
2024-03-22,0,aggressive,-0.00021698699929828535,0.0,0.0,214429.11522221012
2024-03-25,0,aggressive,-0.0026147824192704447,0.0,0.0,213868.42974154736
2024-03-26,0,aggressive,-0.0004134588205891076,0.0,0.0,213780.00395282518
2024-03-27,0,aggressive,0.008590365410449352,0.0,0.0,215616.45230422725
2024-03-28,0,aggressive,0.0009871432195270647,0.0,0.0,215829.29662313784
2024-04-01,0,aggressive,-0.003925167414457076,0.0,0.0,214982.13050094753
2024-04-02,0,aggressive,-0.00407548618183503,0.0,0.0,214105.97379874944
2024-04-03,0,aggressive,0.0016026763660569984,0.0,0.0,214449.1163827883
2024-04-04,0,aggressive,-0.007683252942288564,0.0,0.0,212801.4495783691
2024-04-05,0,aggressive,0.006240304701722786,0.0,0.0,214129.3954647064
2024-04-08,0,aggressive,0.0009925573285856524,0.0,0.0,214341.9311654405
2024-04-09,0,aggressive,0.0032198526895757195,0.0,0.0,215032.0806089924
2024-04-10,0,aggressive,-0.012314149013854024,0.0,0.0,212384.1435256142
2024-04-11,0,aggressive,0.006317122227383652,0.0,0.0,213725.8001194237
2024-04-12,0,aggressive,-0.009917103596546774,0.0,0.0,211606.25921838448
2024-04-15,0,aggressive,-0.009998845207183738,0.0,0.0,209490.44098758866
2024-04-16,0,aggressive,-0.002481887831614193,0.0,0.0,208970.5092112621
2024-04-17,0,aggressive,-0.002659951312581799,0.0,0.0,208414.65783099472
2024-04-18,0,aggressive,-0.002106905758064925,0.0,0.0,207975.54778834546
2024-04-19,0,aggressive,-0.005076238851621972,0.0,0.0,206919.8142324749
2024-04-22,0,aggressive,0.003639604459938906,0.0,0.0,207672.92051120516
2024-04-23,0,aggressive,0.008128210581452343,0.0,0.0,209360.92974118545
2024-04-24,0,aggressive,-0.0019334070219267695,0.0,0.0,208956.14984950674
2024-04-25,0,aggressive,-0.003465637984479264,0.0,0.0,208231.98347949772
2024-04-26,0,aggressive,0.008003965907858724,0.0,0.0,209898.66517619343
2024-04-29,0,aggressive,0.003953111715771884,0.0,0.0,210728.4180486263
2024-04-30,0,aggressive,-0.014790793937035484,0.0,0.0,207611.5774405916
2024-05-01,0,aggressive,0.00010741880946543172,0.0,0.0,207633.8788290715
2024-05-02,0,aggressive,0.007096838526295479,0.0,0.0,209107.42293970985
2024-05-03,0,aggressive,0.010620864806983843,0.0,0.0,211328.32460888932
2024-05-06,0,aggressive,0.009059734438864297,0.0,0.0,213242.90310925597
2024-05-07,0,aggressive,0.0015320129086587417,0.0,0.0,213569.5939894992
2024-05-08,0,aggressive,-0.0014388244146483651,0.0,0.0,213262.3048434406
2024-05-09,3,rebound,0.0065870236658865265,0.0,0.0,214667.06869248583
2024-05-10,0,aggressive,0.00017836918579186068,0.00039999999999999996,0.39999999999999997,214705.35868274485
2024-05-13,0,aggressive,-0.0009157440656431756,0.00039999999999999996,0.39999999999999997,214508.74352466932
2024-05-14,3,rebound,0.005186887641235205,0.0,0.0,215621.37627539432
2024-05-15,3,rebound,0.012453507083872785,0.00039999999999999996,0.39999999999999997,218306.61861227432
2024-05-16,0,aggressive,-0.0021005046985531186,0.0,0.0,217848.06453415396
2024-05-17,0,aggressive,0.0009081832283611038,0.00039999999999999996,0.39999999999999997,218045.9104926948
2024-05-20,0,aggressive,0.0006180647722056509,0.0,0.0,218180.6769886938
2024-05-21,3,rebound,0.0026014657646269757,0.0,0.0,218748.26655038304
2024-05-22,0,aggressive,-0.005154306488522852,0.00039999999999999996,0.39999999999999997,217620.77094074927
2024-05-23,3,rebound,-0.008794082074787277,0.00039999999999999996,0.39999999999999997,215706.99601991783
2024-05-24,3,rebound,0.003982749255370366,0.00039999999999999996,0.39999999999999997,216566.1028976943
2024-05-28,0,aggressive,-0.001848774671816222,0.0,0.0,216165.7209718831
2024-05-29,0,aggressive,-0.00865246444252483,0.00039999999999999996,0.39999999999999997,214295.35475748117
2024-05-30,0,aggressive,-0.002520860233903355,0.0,0.0,213755.14611936285
2024-05-31,0,aggressive,0.007147350731534063,0.0,0.0,215282.92911934823
2024-06-03,0,aggressive,0.004697442760212156,0.0,0.0,216294.20835613718
2024-06-04,0,aggressive,0.0022208472355568776,0.0,0.0,216774.56475083187
2024-06-05,3,rebound,0.010971799407811011,0.0,0.0,219152.97179199356
2024-06-06,3,rebound,0.0006190041697316856,0.00039999999999999996,0.39999999999999997,219288.62839534186
2024-06-07,0,aggressive,-0.013248246520874096,0.0,0.0,216383.438587136
2024-06-10,3,rebound,0.0013463355295021409,0.00039999999999999996,0.39999999999999997,216674.76329850178
2024-06-11,3,rebound,0.004478210122880921,0.00039999999999999996,0.39999999999999997,217645.07841687792
2024-06-12,3,rebound,0.006892932174214361,0.0,0.0,219145.29118045705
2024-06-13,3,rebound,0.0037865787106777793,0.0,0.0,219975.1020745863
2024-06-14,3,rebound,0.005420663010831172,0.0,0.0,221167.5129737058
2024-06-17,3,rebound,-3.7618054316057624e-05,0.0,0.0,221159.1930821898
2024-06-18,3,rebound,0.004824396764555617,0.0,0.0,222226.15277774725
2024-06-20,3,rebound,-0.0008595278017197614,0.0,0.0,222035.14322116558
2024-06-21,3,rebound,-0.0037690574616896957,0.0,0.0,221198.28000785052
2024-06-24,3,rebound,0.00037941300967462286,0.0,0.0,221282.20551300314
2024-06-25,3,rebound,0.0014419735654846778,0.0,0.0,221601.28860386502
2024-06-26,3,rebound,-0.005507308837020752,0.0,0.0,220380.86186884175
2024-06-27,3,rebound,0.004247227894774275,0.0,0.0,221316.8696128455
2024-06-28,3,rebound,-0.007530648558809038,0.0,0.0,219650.2100476554
2024-07-01,3,rebound,-0.0036277380946908577,0.0,0.0,218853.37661315867
2024-07-02,3,rebound,0.005691283337809083,0.0,0.0,220098.9331889004
2024-07-03,3,rebound,0.008425890995337016,0.0,0.0,221953.46280814006
2024-07-05,3,rebound,0.008064150377141787,0.0,0.0,223743.32890895224
2024-07-08,3,rebound,-0.0012552073318573113,0.0,0.0,223462.48464205157
2024-07-09,3,rebound,-0.0005006616821910836,0.0,0.0,223350.60553858406
2024-07-10,3,rebound,0.006621822135091837,0.0,0.0,224829.59352222562
2024-07-11,3,rebound,0.002149837555497447,0.0,0.0,225312.9406259669
2024-07-12,3,rebound,0.004311263433394852,0.0,0.0,226284.3240679583
2024-07-15,3,rebound,-0.0014284176493647102,0.0,0.0,225961.0955456851
2024-07-16,3,rebound,0.011182298745008956,0.0,0.0,228487.86002082643
2024-07-17,3,rebound,-0.007875446103868356,0.0,0.0,226688.4161938442
2024-07-18,3,rebound,-0.007411899657343235,0.0,0.0,225008.22439953336
2024-07-19,3,rebound,-0.008673128664583396,0.0,0.0,223056.6991187268
2024-07-22,3,rebound,0.00434630829510726,0.0,0.0,224026.17230038575
2024-07-23,3,rebound,-0.0005019371724187647,0.0,0.0,223913.72523691348
2024-07-24,3,rebound,-0.015274725596333548,0.0,0.0,220493.5045266668
2024-07-25,3,rebound,-0.003275600587622396,0.0,0.0,219771.25587367231
2024-07-26,3,rebound,0.010047755674508529,0.0,0.0,221979.46375697083
2024-07-29,3,rebound,0.0016259507315034669,0.0,0.0,222340.39142844523
2024-07-30,3,rebound,0.0006191373489196183,0.0,0.0,222478.050668952
2024-07-31,3,rebound,0.014818209357226797,0.0,0.0,225774.77700115228
2024-08-01,3,rebound,-0.005181682296364298,0.0,0.0,224604.88383619982
2024-08-02,3,rebound,-0.00034173727729906007,0.0,0.0,224528.12797472955
2024-08-05,3,rebound,-0.015512945518443932,0.0,0.0,221045.03535809935
2024-08-06,3,rebound,-0.0037008368195810106,0.0,0.0,220226.9837524605
2024-08-07,3,rebound,-0.005590011227516856,0.0,0.0,218995.9124406821
2024-08-08,3,rebound,0.012850905802982936,0.0,0.0,221810.20828269556
2024-08-09,3,rebound,0.005654242796173392,0.0,0.0,223064.37705499574
2024-08-12,3,rebound,0.004782517813449183,0.0,0.0,224131.18641180717
2024-08-13,3,rebound,0.009996815498941913,0.0,0.0,226371.78452992495
2024-08-14,3,rebound,0.001827488848283587,0.0,0.0,226785.47644171948
2024-08-15,3,rebound,0.006776754457077406,0.0,0.0,228322.34592999629
2024-08-16,3,rebound,0.00664898500953166,0.0,0.0,229840.45778542597
2024-08-19,3,rebound,0.005838558850554176,0.0,0.0,231182.39482444446
2024-08-20,3,rebound,0.0023113198986276506,0.0,0.0,231716.73129381464
2024-08-21,3,rebound,0.0016340515781920085,0.0,0.0,232095.3683842788
2024-08-22,3,rebound,-0.009297179376560459,0.0,0.0,229937.53611194124
2024-08-23,3,rebound,0.009587705649229193,0.0,0.0,232142.10952589157
2024-08-26,3,rebound,-0.001316452248214539,0.0,0.0,231836.50552390094
2024-08-27,3,rebound,0.0007083239417225995,0.0,0.0,232000.72087132884
2024-08-28,3,rebound,-0.004675615126702071,0.0,0.0,230915.97479141707
2024-08-29,3,rebound,9.934567586412663e-05,0.0,0.0,230938.9152950006
2024-08-30,3,rebound,0.00014880265964649624,0.0,0.0,230973.27961981238
2024-09-03,3,rebound,-0.006247633945053033,0.0,0.0,229530.24311765944
2024-09-04,3,rebound,0.002965203458416032,0.0,0.0,230210.846988363
2024-09-05,3,rebound,0.0021471908286461727,0.0,0.0,230705.15360767124
2024-09-06,3,rebound,-0.009925771794130811,0.0,0.0,228415.22690123162
2024-09-09,3,rebound,0.007735007922478854,0.0,0.0,230182.02049092748
2024-09-10,3,rebound,0.00515904508851155,0.0,0.0,231369.53991320485
2024-09-11,3,rebound,0.00457283306649926,0.0,0.0,232427.55419590065
2024-09-12,3,rebound,0.006323671350519523,0.0,0.0,233897.3496614406
2024-09-13,3,rebound,0.005408977691475969,0.0,0.0,235162.49520785463
2024-09-16,3,rebound,0.003470394408419164,0.0,0.0,235978.6018162939
2024-09-17,3,rebound,-0.002352528238081808,0.0,0.0,235423.45549193796
2024-09-18,3,rebound,-0.006743854720114318,0.0,0.0,233835.79391039305
2024-09-19,3,rebound,0.01064625190860049,0.0,0.0,236325.26867761067
2024-09-20,3,rebound,0.0005293662503586759,0.0,0.0,236450.37129895555
2024-09-23,3,rebound,0.0010003839697722895,0.0,0.0,236686.91246004973
2024-09-24,3,rebound,0.004163709783350811,0.0,0.0,237672.40807305076
2024-09-25,3,rebound,-0.003872817527999195,0.0,0.0,236751.94620514367
2024-09-26,3,rebound,0.0037050428070208863,0.0,0.0,237629.12230047927
2024-09-27,3,rebound,-0.0007521870625274208,0.0,0.0,237450.38074900507
2024-09-30,3,rebound,-0.001026639021512632,0.0,0.0,237206.6049224551
2024-10-01,3,rebound,-0.00021488830517056882,0.0,0.0,237155.63199714804
2024-10-02,3,rebound,-0.0022764154230847655,0.0,0.0,236615.76725879833
2024-10-03,3,rebound,-0.0038786409691666914,0.0,0.0,235698.01964995754
2024-10-04,3,rebound,0.0004541703175702349,0.0,0.0,235805.06669439262
2024-10-07,3,rebound,-0.0074583490031629,0.0,0.0,234046.35021027175
2024-10-08,3,rebound,0.00376055012701777,0.0,0.0,234926.49324228297
2024-10-09,3,rebound,0.000668420599758357,0.0,0.0,235083.5229497951
2024-10-10,3,rebound,-0.0005816960082510091,0.0,0.0,234946.77580288964
2024-10-11,3,rebound,0.003965160109940502,0.0,0.0,235878.37738626235
2024-10-14,3,rebound,0.003987381525638267,0.0,0.0,236818.91447054985
2024-10-15,3,rebound,0.00045607963438805106,0.0,0.0,236926.92275447774
2024-10-16,3,rebound,0.004437860938479598,0.0,0.0,237978.37149024403
2024-10-17,3,rebound,-0.003512353454219585,0.0,0.0,237142.50733511068
2024-10-18,3,rebound,0.004270853113430917,0.0,0.0,238155.30815088967
2024-10-21,3,rebound,-0.00610216194646257,0.0,0.0,236702.04589214324
2024-10-22,3,rebound,0.002184534944698924,0.0,0.0,237219.12978287638
2024-10-23,3,rebound,-0.007791134222407148,0.0,0.0,235370.92370261537
2024-10-24,3,rebound,0.004542464484658781,0.0,0.0,236440.08776425585
2024-10-25,3,rebound,-0.001444845058129729,0.0,0.0,236098.4684719059
2024-10-28,3,rebound,0.000739600406121721,0.0,0.0,236273.08699507243
2024-10-29,3,rebound,0.0034451885755386828,0.0,0.0,237087.09233509513
2024-10-30,3,rebound,0.0004687762398110529,0.0,0.0,237198.2331307477
2024-10-31,3,rebound,-0.0124130612055384,0.0,0.0,234253.87694505017
2024-11-01,3,rebound,-0.0029397071531236498,0.0,0.0,233565.23914734786
2024-11-04,3,rebound,0.003864687159606295,0.0,0.0,234467.89572801095
2024-11-05,3,rebound,0.008090282540098692,0.0,0.0,236364.80725103294
2024-11-06,3,rebound,-0.0018609799597633985,0.0,0.0,235924.93708154542
2024-11-07,3,rebound,0.010839550641868168,0.0,0.0,238482.25738472037
2024-11-08,3,rebound,0.0046224707049032695,0.0,0.0,239584.63463312044
2024-11-11,3,rebound,-0.005677543947382158,0.0,0.0,238224.3823408734
2024-11-12,3,rebound,-0.007777457419505351,0.0,0.0,236371.6023509293
2024-11-13,3,rebound,-0.004619211730967054,0.0,0.0,235279.75187248242
2024-11-14,1,defensive,-0.001999723844518975,0.0,0.0,234809.25734253053
2024-11-15,3,rebound,-0.005021850326749832,0.0006,0.6,233630.08039682108
2024-11-18,3,rebound,0.005785506863696855,0.0006,0.6,234981.74883052293
2024-11-19,3,rebound,0.0051488962227536515,0.0,0.0,236191.64546949248
2024-11-20,3,rebound,0.0003366881025527069,0.0,0.0,236271.16838644436
2024-11-21,1,defensive,0.0041197816371489225,0.0,0.0,237244.55400735058
2024-11-22,1,defensive,0.004164223684915514,0.0006,0.6,238232.49339826521
2024-11-25,1,defensive,0.004784698542508216,0.0,0.0,239372.36406220598
2024-11-26,1,defensive,-0.000315238793032313,0.0,0.0,239296.90460707372
2024-11-27,1,defensive,0.003525016064477349,0.0,0.0,240140.43003999337
2024-11-29,1,defensive,0.008990620828604245,0.0,0.0,242299.44159210092
2024-12-02,1,defensive,-0.0010665779825181686,0.0,0.0,242041.01034252235
2024-12-03,1,defensive,-0.0036178726898311586,0.0,0.0,241165.33678138498
2024-12-04,1,defensive,0.007524872958499373,0.0,0.0,242980.0753026586
2024-12-05,1,defensive,-0.001538351537137128,0.0,0.0,242606.28653032306
2024-12-06,1,defensive,0.0012328931726681926,0.0,0.0,242905.3941646327
2024-12-09,3,rebound,-0.0026624792684637687,0.0,0.0,242258.66358847133
2024-12-10,3,rebound,-0.0009330572295097474,0.0006,0.6,242032.62239099873
2024-12-11,3,rebound,0.0029357216740669603,0.0,0.0,242743.1628063832
2024-12-12,3,rebound,-0.009153356785354394,0.0,0.0,240521.248030011
2024-12-13,1,defensive,-0.005580660521321324,0.0,0.0,239178.98059659096
2024-12-16,3,rebound,0.002475821354952879,0.0006,0.6,239771.14502440792
2024-12-17,3,rebound,-0.002697716423680651,0.0006,0.6,239124.31046855086
2024-12-18,3,rebound,-0.02249007746858652,0.0,0.0,233746.3862014908
2024-12-19,3,rebound,-0.004411774065796292,0.0,0.0,232715.14995687344
2024-12-20,3,rebound,0.009800588321571069,0.0,0.0,234995.89533779342
2024-12-23,1,defensive,-0.000699319226712103,0.0,0.0,234831.5581899853
2024-12-24,1,defensive,0.004334922987650947,0.0006,0.6,235849.534909809
2024-12-26,1,defensive,0.001754119907002882,0.0,0.0,236263.24327405164
2024-12-27,1,defensive,-0.008265712803339242,0.0,0.0,234310.35915916288
2024-12-30,1,defensive,0.0007790388386057613,0.0,0.0,234492.89602923553
2024-12-31,1,defensive,-0.0015339461031361745,0.0,0.0,234133.19656515837
2025-01-02,1,defensive,0.004958995600099558,0.0,0.0,235294.26205676224
2025-01-03,1,defensive,-0.0014572586350720227,0.0,0.0,234951.3774615971
2025-01-06,3,rebound,-0.0014513942777737542,0.0,0.0,234610.37037679428
2025-01-07,3,rebound,-0.008508607003103474,0.0006,0.6,232614.16293640557
2025-01-08,3,rebound,0.002177818970100431,0.0,0.0,233120.75447316252
2025-01-10,3,rebound,-0.007709826746530924,0.0,0.0,231323.43384515384
2025-01-13,3,rebound,-0.001320318095127937,0.0,0.0,231018.01332962094
2025-01-14,3,rebound,0.0012461592350116678,0.0,0.0,231305.8985603857
2025-01-15,3,rebound,0.015763570583539853,0.0,0.0,234952.1054187315
2025-01-16,3,rebound,0.0013886929469090203,0.0,0.0,235278.38175038793
2025-01-17,3,rebound,0.004475559393078999,0.0,0.0,236331.3841218193
2025-01-21,3,rebound,0.010357574798674407,0.0,0.0,238779.20411013532
2025-01-22,3,rebound,0.002269189637959368,0.0,0.0,239321.03940586225
2025-01-23,3,rebound,0.00011487884173072576,0.0,0.0,239348.532329671
2025-01-24,3,rebound,0.0011315748214487998,0.0,0.0,239619.37310240598
2025-01-27,3,rebound,-0.005610850938046941,0.0,0.0,238274.9045180601
2025-01-28,3,rebound,0.005823515417593339,0.0,0.0,239662.50209814662
2025-01-29,3,rebound,-0.00362183835397476,0.0,0.0,238794.483256038
2025-01-30,3,rebound,0.006837446966065874,0.0,0.0,240427.22787109026
2025-01-31,3,rebound,-0.004235377620634072,0.0,0.0,239408.92777077397
2025-02-03,3,rebound,0.0001453687113689207,0.0,0.0,239443.7303380942
2025-02-04,3,rebound,0.0062425480490718496,0.0,0.0,240938.46932977875
2025-02-05,0,aggressive,0.008222180729734862,0.0,0.0,242919.5089693539
2025-02-06,0,aggressive,0.0016790629252969372,0.00039999999999999996,0.39999999999999997,243327.38611069566
2025-02-07,3,rebound,-0.007520165958971125,0.0,0.0,241497.5237847806
2025-02-10,3,rebound,0.005475863031942863,0.00039999999999999996,0.39999999999999997,242819.93114757942
2025-02-11,3,rebound,-0.0022713023624329697,0.0,0.0,242268.4136643181
2025-02-12,3,rebound,-0.005472311983436717,0.0,0.0,240942.64532101466
2025-02-13,3,rebound,0.012238055343818187,0.0,0.0,243891.3147491392
2025-02-14,3,rebound,-0.00140893318569032,0.0,0.0,243547.6881820875
2025-02-18,3,rebound,0.0012467626151656756,0.0,0.0,243851.33433472298
2025-02-19,3,rebound,0.0016628245792460028,0.0,0.0,244256.81632713668
2025-02-20,3,rebound,-0.0008544881711111229,0.0,0.0,244048.10176687187
2025-02-21,3,rebound,-0.00511108217141959,0.0,0.0,242800.75186496243
2025-02-24,0,aggressive,-0.00031885619248522867,0.0,0.0,242723.3333416902
2025-05-20,3,rebound,-0.0023322826956297827,0.00039999999999999996,0.39999999999999997,242157.23391151175
2025-05-21,3,rebound,-0.012476606068006277,0.00039999999999999996,0.39999999999999997,239135.93349747977
2025-05-22,3,rebound,-3.051549702126708e-06,0.0,0.0,239135.20376229312
2025-05-23,3,rebound,0.001465991622383622,0.0,0.0,239485.77396762566
2025-05-27,3,rebound,0.011192350142307815,0.0,0.0,242166.18260397293
2025-05-28,3,rebound,-0.004640691323324087,0.0,0.0,241042.36410156018
2025-05-29,3,rebound,0.005935115763841692,0.0,0.0,242472.978436493
2025-05-30,3,rebound,-0.0014219619876305047,0.0,0.0,242128.19107812873
2025-06-02,3,rebound,0.005340664418631258,0.0,0.0,243421.31649296728
2025-06-03,3,rebound,0.0005517643532846005,0.0,0.0,243555.62769823772
2025-06-04,3,rebound,0.006024234445716214,0.0,0.0,245022.86390006548
2025-06-05,3,rebound,-0.003218076585378782,0.0,0.0,244234.36155886625
2025-06-06,3,rebound,-0.0013659389578193348,0.0,0.0,243900.75232957487
2025-06-09,3,rebound,0.001710766906835204,0.0,0.0,244318.00966521254
2025-06-10,3,rebound,0.004438384555849217,0.0,0.0,245402.38694602644
2025-06-11,3,rebound,0.0005647394403596628,0.0,0.0,245540.9753526933
2025-06-12,3,rebound,0.00805834455798422,0.0,0.0,247519.6291351888
2025-06-13,3,rebound,-0.005860785118329737,0.0,0.0,246068.96977625877
2025-06-16,0,aggressive,-0.0011180369342906117,0.0,0.0,245793.85557966607
2025-06-17,0,aggressive,-0.0038962954468230388,0.00039999999999999996,0.39999999999999997,244836.17009931392
2025-06-18,0,aggressive,-0.000297183082821284,0.0,0.0,244763.40893149766
2025-06-20,0,aggressive,-0.0020552702812444367,0.0,0.0,244260.3539711847
2025-06-23,3,rebound,0.0078680363357706,0.0,0.0,246182.20331161816
2025-06-24,0,aggressive,0.004157958985325272,0.00039999999999999996,0.39999999999999997,247205.81881590487
2025-06-25,3,rebound,0.0005476223675503049,0.00039999999999999996,0.39999999999999997,247341.19425167705
2025-06-26,0,aggressive,0.00479881428735507,0.00039999999999999996,0.39999999999999997,248528.13870850348
2025-06-27,0,aggressive,-7.886751749363848e-06,0.00039999999999999996,0.39999999999999997,248526.17862877078
2025-06-30,3,rebound,0.0065135108661967134,0.0,0.0,250144.9565938036
2025-07-01,3,rebound,0.0019665804332109184,0.00039999999999999996,0.39999999999999997,250636.88677090735
2025-07-02,3,rebound,0.0014660428908564451,0.0,0.0,251004.33119694423
2025-07-03,3,rebound,0.0004866464794438196,0.0,0.0,251126.48157104634
2025-07-07,3,rebound,-0.006439324917945366,0.0,0.0,249509.39656070995
2025-07-08,3,rebound,-0.0027456299254450256,0.0,0.0,248824.33609483315
2025-07-09,3,rebound,0.007031001539363091,0.0,0.0,250573.82038494694
2025-07-10,3,rebound,0.0020624010220584134,0.0,0.0,251090.60408820995
2025-07-11,1,defensive,-0.00397582095313459,0.0,0.0,250092.3128033408
2025-07-14,1,defensive,-0.002364068597035251,0.0006,0.6,249501.07742028253
2025-07-15,1,defensive,-0.005605571748020832,0.0,0.0,248102.48122959462
2025-07-16,3,rebound,0.0028708186490288947,0.0,0.0,248814.73845957892
2025-07-17,3,rebound,0.001954673747675607,0.0006,0.6,249301.09009688062
2025-07-18,3,rebound,0.0006121365603721895,0.0,0.0,249453.69640866955
2025-07-21,3,rebound,0.006696946873606402,0.0,0.0,251124.27456094316
2025-07-22,3,rebound,0.0037825854855070952,0.0,0.0,252074.17359695592
2025-07-23,3,rebound,0.0001091023219925713,0.0,0.0,252101.6754746097
2025-07-24,3,rebound,-0.0015811494472284362,0.0,0.0,251703.06504978766
2025-07-25,3,rebound,0.0021483084057497773,0.0,0.0,252243.80086018713
2025-07-28,1,defensive,-0.0033640011817872243,0.0,0.0,251395.25241599494
2025-07-29,3,rebound,0.008140524757375455,0.0006,0.6,253441.74169217396
2025-07-30,3,rebound,-0.0062303601624761,0.0006,0.6,251862.7083612265
2025-07-31,0,aggressive,-0.00037386486257983114,0.0,0.0,251768.54574437602
2025-08-01,0,aggressive,-0.006999977796998491,0.00039999999999999996,0.39999999999999997,250006.17151418282
2025-08-04,0,aggressive,0.011768689659111108,0.0,0.0,252948.41655959576
2025-08-05,0,aggressive,-0.0028552710001365834,0.0,0.0,252226.18028126264
2025-08-06,0,aggressive,0.003994831378504304,0.0,0.0,253233.78134073052
2025-08-07,0,aggressive,-8.417677836408677e-05,0.0,0.0,253212.46493684425
2025-08-08,0,aggressive,0.004569160698050533,0.0,0.0,254369.43337989016
2025-08-11,0,aggressive,-0.0025926599264564087,0.0,0.0,253709.93994345074
2025-08-12,0,aggressive,0.006354502540048756,0.0,0.0,255322.14040125697
2025-08-13,0,aggressive,0.004357167739002921,0.0,0.0,256434.6217944665
2025-08-14,0,aggressive,-0.0020514681040091683,0.0,0.0,255908.5543470915
2025-08-15,0,aggressive,-0.0030052752636338664,0.0,0.0,255139.4786989599
2025-08-18,0,aggressive,-0.0008871893597580449,0.0,0.0,254913.12166820394
2025-08-19,0,aggressive,-0.0031841379983862713,0.0,0.0,254101.44311121295
2025-08-20,0,aggressive,-0.0004091450656773742,0.0,0.0,253997.47875958253
2025-08-21,0,aggressive,-0.0041456154149044355,0.0,0.0,252944.50289628995
2025-08-22,0,aggressive,0.013301605605282152,0.0,0.0,256309.07091384055
2025-08-25,0,aggressive,-0.003896476436502405,0.0,0.0,255310.36865856298
2025-08-26,0,aggressive,0.003541796197619917,0.0,0.0,256214.6259514908
2025-08-27,0,aggressive,0.0015663482116325732,0.0,0.0,256615.94727264406
2025-08-28,0,aggressive,0.0045364966449931154,0.0,0.0,257780.0846564981
2025-08-29,0,aggressive,-0.004631289452486675,0.0,0.0,256586.23046936735
2025-09-02,0,aggressive,-0.004311287977946399,0.0,0.0,255480.01333863818
2025-09-03,0,aggressive,0.0067724024412141315,0.0,0.0,257210.2268046542
2025-09-04,0,aggressive,0.006933049591073503,0.0,0.0,258993.47806242213
2025-09-05,0,aggressive,0.002356695652802254,0.0,0.0,259603.84686627597
2025-09-08,0,aggressive,0.005523235564811112,0.0,0.0,261037.70006604958
2025-09-09,0,aggressive,0.0002547466296430878,0.0,0.0,261104.19854035118
2025-09-10,0,aggressive,0.0035259217476693912,0.0,0.0,262024.83151239235
2025-09-11,0,aggressive,0.007005239716162359,0.0,0.0,263860.3782687237
2025-09-12,0,aggressive,-0.000900502130134273,0.0,0.0,263622.7714360347
2025-09-15,0,aggressive,0.005234176431230364,0.0,0.0,265002.61953302077
2025-09-16,0,aggressive,-0.0003416554257788417,0.0,0.0,264912.0799502117
2025-09-17,0,aggressive,-0.002150420152928678,0.0,0.0,264342.4076747325
2025-09-18,0,aggressive,0.0008063070905293013,0.0,0.0,264555.5488323682
2025-09-19,2,cautious,0.004146423089211937,0.0,0.0,265652.5080684259
2025-09-22,2,cautious,0.004373370116933862,0.0008,0.8,266814.30480870086
2025-09-23,3,rebound,0.002388842295208271,0.0,0.0,267451.6821049945
2025-09-24,0,aggressive,-0.004945393445986301,0.0004,0.4,266129.02830919443
2025-09-25,0,aggressive,-0.0032129294239569336,0.00039999999999999996,0.39999999999999997,265273.9745235708
2025-09-26,3,rebound,0.004407797586469408,0.0,0.0,266443.2485082289
2025-09-29,3,rebound,0.006767951484297918,0.00039999999999999996,0.39999999999999997,268246.52348745137
2025-09-30,3,rebound,0.0027211784367558002,0.0,0.0,268976.4701429001
2025-10-01,3,rebound,0.0027935658039525578,0.0,0.0,269727.8736119592
2025-10-02,0,aggressive,0.0007529167097160449,0.0,0.0,269930.9562350778
2025-10-03,0,aggressive,1.3271806255843802e-05,0.00039999999999999996,0.39999999999999997,269934.5387064314
2025-10-06,3,rebound,0.002806205527069161,0.0,0.0,270692.0305008963
2025-10-07,3,rebound,0.0005036638560443345,0.00039999999999999996,0.39999999999999997,270828.36829277885
2025-10-08,3,rebound,0.006515225463854791,0.0,0.0,272592.8761742142
2025-10-09,3,rebound,-0.0053743971929617555,0.0,0.0,271127.8537856821
2025-10-10,3,rebound,-0.006650198518866869,0.0,0.0,269324.79973401304
2025-10-13,3,rebound,0.012366690033047224,0.0,0.0,272655.4560505361
2025-10-14,3,rebound,0.0017779916816693332,0.0,0.0,273140.2351833557
2025-10-15,3,rebound,0.005025895354648702,0.0,0.0,274513.0094225314
2025-10-16,3,rebound,0.003522416258617211,0.0,0.0,275479.9585101232
2025-10-17,3,rebound,-0.0013849944008010764,0.0,0.0,275098.42031005374
2025-10-20,3,rebound,0.013631977619994396,0.0,0.0,278848.55581901624
2025-10-21,3,rebound,-0.011386616691600116,0.0,0.0,275673.4141988989
2025-10-22,3,rebound,-0.002382612829899433,0.0,0.0,275016.5911853664
2025-10-23,3,rebound,0.0017124098964651391,0.0,0.0,275487.53231780435
2025-10-24,3,rebound,0.0035469444269192294,0.0,0.0,276464.6712852447
2025-10-27,3,rebound,0.0013477013452299676,0.0,0.0,276837.26309464435
2025-10-28,3,rebound,0.0006792729987051603,0.0,0.0,277025.31117249996
2025-10-29,3,rebound,-0.0035492342320093797,0.0,0.0,276042.0834549535
2025-10-30,3,rebound,-0.0033162143965592026,0.0,0.0,275126.668723744
2025-10-31,3,rebound,-0.0003404907112696809,0.0,0.0,275032.99064862105
2025-11-03,3,rebound,0.0005466892400675438,0.0,0.0,275183.34822527226
2025-11-04,3,rebound,-0.008761582134329681,0.0,0.0,272772.30671779666
2025-11-05,3,rebound,0.0007766873647767625,0.0,0.0,272984.16552188544
2025-11-06,3,rebound,-0.002906900789254496,0.0,0.0,272190.6276356759
2025-11-07,3,rebound,0.001081016558113679,0.0,0.0,272484.8702111134
2025-11-10,3,rebound,0.013203414671129388,0.0,0.0,276082.6009441196
2025-11-11,3,rebound,0.003305755147157941,0.0,0.0,276995.26242323144
2025-11-12,3,rebound,0.004033950884912074,0.0,0.0,278112.6477072001
2025-11-13,3,rebound,-0.01237705534759621,0.0,0.0,274670.43207366153
2025-11-14,3,rebound,-0.005403243123348645,0.0,0.0,273186.3209503723
2025-11-17,3,rebound,-0.006208386679275901,0.0,0.0,271490.27463442367
2025-11-18,3,rebound,-0.002846791373568569,0.0,0.0,270717.3984625866
2025-11-19,3,rebound,0.0016511288031465622,0.0,0.0,271164.38775670115
2025-11-20,3,rebound,-0.006498368424359036,0.0,0.0,269402.26166149235
2025-11-21,3,rebound,0.005578879979056439,0.0,0.0,270905.22454538813
2025-11-24,3,rebound,0.01223763751425342,0.0,0.0,274220.464484092
2025-11-25,3,rebound,0.0054064171385374005,0.0,0.0,275703.0147030165
2025-11-26,3,rebound,0.006381223660894131,0.0,0.0,277462.33730381925
2025-11-28,3,rebound,0.003790826410783188,0.0,0.0,278514.1488600682
2025-12-01,3,rebound,-0.005053132013962147,0.0,0.0,277106.7800981219
2025-12-02,3,rebound,-0.00022669693172692193,0.0,0.0,277043.96084131295
2025-12-03,3,rebound,0.0023899604992559057,0.0,0.0,277706.08496428106
2025-12-04,3,rebound,-0.0011221119243055133,0.0,0.0,277394.46765489044
2025-12-05,3,rebound,-0.0007952777399683142,0.0,0.0,277173.8620095741
2025-12-08,3,rebound,-0.0030167942078136115,0.0,0.0,276337.6855081063
2025-12-09,3,rebound,0.0009031570031081682,0.0,0.0,276587.2618239956
2025-12-10,3,rebound,0.005327442572268671,0.0,0.0,278060.764577584
2025-12-11,3,rebound,0.002909792907974074,0.0,0.0,278869.8638183377
2025-12-12,3,rebound,-0.007148593047595197,0.0,0.0,276876.3366486621
2025-12-15,3,rebound,-0.00036726385388685667,0.0,0.0,276774.6499782144
2025-12-16,3,rebound,0.0003269072685251673,0.0,0.0,276865.12962303584
2025-12-17,3,rebound,-0.004057224847254825,0.0,0.0,275741.82553979085
2025-12-18,3,rebound,0.00485012871022903,0.0,0.0,277079.20888445235
2025-12-19,3,rebound,0.0036377595525387326,0.0,0.0,278087.15642338165
2025-12-22,3,rebound,0.00708019005752516,0.0,0.0,280056.06634341594
2025-12-23,3,rebound,0.005416489122555591,0.0,0.0,281572.98698047077
2025-12-24,3,rebound,0.0027491454325812236,0.0,0.0,282347.0720715664
2025-12-26,3,rebound,0.0012963249307545225,0.0,0.0,282713.0856202183
2025-12-29,3,rebound,-0.00935912086698375,0.0,0.0,280067.13968122075
2025-12-30,3,rebound,-0.0011803876741323881,0.0,0.0,279736.5518816115
2025-12-31,3,rebound,-0.0073882390828731714,0.0,0.0,277669.79135609156
2026-01-02,3,rebound,0.0014632343156939288,0.0,0.0,278076.0873232354
2026-01-05,3,rebound,0.010074926446313826,0.0,0.0,280877.6834494957
2026-01-06,3,rebound,0.004518794678231075,0.0,0.0,282146.9120307011
2026-01-07,3,rebound,-0.0017706927095645808,0.0,0.0,281647.31655054225
2026-01-08,3,rebound,-0.0004498336456585704,0.0,0.0,281520.6221113484
2026-01-09,3,rebound,0.006747035742733897,0.0,0.0,283420.05181105033
2026-01-12,3,rebound,0.003642699147923434,0.0,0.0,284452.4657922869
2026-01-13,3,rebound,-0.0007706662003796106,0.0,0.0,284233.24789128616
2026-01-14,3,rebound,0.0013290483141075726,0.0,0.0,284611.0076102094
2026-01-15,3,rebound,6.816121464069385e-05,0.0,0.0,284630.4070421882
2026-01-16,3,rebound,-0.0031152444179212368,0.0,0.0,283743.7137554794
2026-01-20,3,rebound,-0.006540563391638398,0.0,0.0,281887.8700086827
2026-01-21,3,rebound,0.010969379290491377,0.0,0.0,284980.00497219677
2026-01-22,3,rebound,0.00760984263610236,0.0,0.0,287148.65796447085
2026-01-23,3,rebound,0.0037515151127136327,0.0,0.0,288225.90049442
2026-01-26,3,rebound,0.006897824286779852,0.0,0.0,290214.0321109294
2026-01-27,3,rebound,0.005030948896948118,0.0,0.0,291674.0840756568
2026-01-28,3,rebound,0.007020947687080981,0.0,0.0,293721.9125616292
2026-01-29,3,rebound,-0.00038181353568976777,0.0,0.0,293609.7655596845
2026-01-30,3,rebound,-0.023717487138913605,0.0,0.0,286646.0797211632
2026-02-02,3,rebound,-0.006381344177599558,0.0,0.0,284816.8924293028
2026-02-03,3,rebound,0.009217653386813919,0.0,0.0,287442.23582242563
2026-02-04,3,rebound,-0.0033235656654773574,0.0,0.0,286486.90267663816
2026-02-05,3,rebound,-0.008312352788711596,0.0,0.0,284105.5224722447
2026-02-06,3,rebound,0.0159445722636939,0.0,0.0,288635.4635058179
2026-02-09,3,rebound,0.007422941593961453,0.0,0.0,290777.9876933676
2026-02-10,3,rebound,0.000160770715182168,0.0,0.0,290824.73627840827
2026-02-11,3,rebound,0.0005538886872203162,0.0,0.0,290985.8208097967
2026-02-12,3,rebound,-0.010684167112042854,0.0,0.0,287876.8796730298
2026-02-13,3,rebound,0.006975408122814763,0.0,0.0,289884.9383978717
2026-02-17,3,rebound,-0.00492574668290755,0.0,0.0,288457.0386241335
2026-02-18,3,rebound,0.005881867516694317,0.0,0.0,290153.7047095786
2026-02-19,3,rebound,-0.0004585204726773927,0.0,0.0,290020.6632957461
2026-02-20,3,rebound,0.006855881478722981,0.0,0.0,292009.0105896823
2026-02-23,3,rebound,0.0014046800234228888,0.0,0.0,292419.18981351715
2026-02-24,3,rebound,0.0013973302914245251,0.0,0.0,292827.7960052374
2026-02-25,3,rebound,0.0037511120066418876,0.0,0.0,293926.2258667111
2026-02-26,3,rebound,0.00013910392045723974,0.0,0.0,293967.11215705436
2026-02-27,3,rebound,0.002053169928065768,0.0,0.0,294570.6765915755
2026-03-02,3,rebound,-0.00014435039104359,0.0,0.0,294528.15519921953
2026-03-03,3,rebound,-0.013932220990863865,0.0,0.0,290424.7238529526
2026-03-04,3,rebound,0.004151997428026033,0.0,0.0,291630.56655942515
2026-03-05,3,rebound,-0.0064027638212645795,0.0,0.0,289763.3249186836
2026-03-06,3,rebound,-0.004502068617882993,0.0,0.0,288458.7905469538
2026-03-09,3,rebound,0.00657743194736864,0.0,0.0,290356.10861139663
2026-03-10,3,rebound,-0.0017416232347297052,0.0,0.0,289850.4176662933
2026-03-11,3,rebound,-0.005179628454065854,0.0,0.0,288349.1001955261
2026-03-12,3,rebound,-0.012108536428280026,0.0,0.0,284857.6146117468
2026-03-13,3,rebound,-0.006900701214462124,0.0,0.0,282891.8973246467
2026-03-16,3,rebound,0.007233101786527563,0.0,0.0,284938.0832125798
2026-03-17,3,rebound,0.001636989300694558,0.0,0.0,285404.5238061592
2026-03-18,3,rebound,-0.014985222972007505,0.0,0.0,281127.67337970424
2026-03-19,3,rebound,-0.007646747590765269,0.0,0.0,278977.96102059056
2026-03-20,3,rebound,-0.01897143979605571,0.0,0.0,273685.347428662
2026-03-23,3,rebound,0.0026885199917760843,0.0,0.0,274421.1559566802
2026-03-24,3,rebound,-0.0029534713055565315,0.0,0.0,273610.6609469245
2026-03-25,3,rebound,0.011699238043337057,0.0,0.0,276811.69720053737
2026-03-26,3,rebound,-0.0189700248925981,0.0,0.0,271560.57241408085
2026-03-27,3,rebound,-0.0031446225797269953,0.0,0.0,270706.6169063039
2026-03-30,3,rebound,0.0022638336375947585,0.0,0.0,271319.45165157586
2026-03-31,3,rebound,0.021801609651188304,0.0,0.0,277234.652427258
2026-04-01,3,rebound,0.00697187232779819,0.0,0.0,279167.49702882237
2026-04-02,3,rebound,-0.001548264410543765,0.0,0.0,278735.27192859206
2026-04-06,3,rebound,0.0010597416867823672,0.0,0.0,279030.65931583144
2026-04-07,3,rebound,0.0021309226946867655,0.0,0.0,279625.252080281
2026-04-08,3,rebound,0.014964116713316678,0.0,0.0,283809.5969884009
2026-04-09,3,rebound,0.0036809290902891645,0.0,0.0,284854.2799900588
2026-04-10,3,rebound,-0.0014137674175975445,0.0,0.0,284451.56229024567
2026-04-13,3,rebound,0.00497820761608192,0.0,0.0,285867.6212240454
